2 0 0.24235869135270027
2 1 1.6678865584012683E-15
2 2 0.3215957110002033
2 3 7.77242502415646E-30
2 4 2.3026214625490325E-15
2 5 6.203530027519915E-18
2 6 0.13992051985791665
2 7 4.006633066330697E-17
2 8 0.02712336605441912
2 9 2.299731717143845E-16
2 10 3.6761922067205633E-16
2 11 4.264023618565254E-16
2 12 0.04589058756598362
2 13 2.643204941197E-16
2 14 0.082603394784941
2 15 0.008475891990005074
2 16 1.5604550525225098E-15
2 17 1.035526176874019E-15
2 18 1.2512809976708512E-15
2 19 1.751760064082407E-16
2 20 0.07306961984008752
2 21 9.194313193353058E-16
2 22 0.0993168873760021
2 23 0.026498060293735942
2 24 0.003916374370403123
2 25 1.0430213851183239E-15
2 26 8.408569065871185E-16
2 27 1.3039793059302607E-15
2 28 4.900511508059719E-16
2 29 1.0066355827413821E-16
2 30 0.010810838093811748
2 31 2.815258491131059E-15
2 32 0.03926415395440127
2 33 0.026561746493842967
2 34 0.01843074632902048
2 35 0.0030236669539086126
2 36 7.632003634939906E-16
2 37 1.500126456970319E-15
2 38 5.787776205263841E-16
2 39 5.530994003035614E-16
2 40 4.601048294053786E-16
2 41 9.532465484632722E-17
2 42 0.02596174556088642
2 43 5.438908132521521E-15
2 44 0.0350701361854242
2 45 0.005326418837169263
2 46 0.0377865814943403
2 47 0.013560614193644118
2 48 9.722664868618266E-4
2 49 1.1148875403633792E-15
2 50 4.311988092255919E-15
2 51 1.534011894692215E-15
2 52 1.3212306560907918E-15
2 53 9.099971042587758E-16
2 54 3.97909623532822E-16
2 55 3.601470114104655E-17
2 56 0.018046515791896724
2 57 1.0754183025029841E-14
2 58 0.049392298700056056
2 59 0.03038036356604596
2 60 0.04021086707962106
2 61 0.02362605257264323
2 62 0.005195777955193792
2 63 8.843645266546923E-4
2 64 9.900160861180117E-16
2 65 8.514315030544575E-15
2 66 4.23098820044961E-15
2 67 1.8188378994492084E-15
2 68 1.0842372268207548E-15
2 69 5.250404085959755E-16
2 70 1.9745244810062983E-16
2 71 3.885338947457129E-17
2 72 2.031829802722308E-4
2 73 5.336041232087011E-14
2 74 0.011578289242417402
2 75 0.014419472335242874
2 76 0.014681519773808709
2 77 0.014693459972928568
2 78 0.012810570944967962
2 79 0.005173411755816252
2 80 5.05128817531012E-4
2 81 8.618612670545927E-15
2 82 1.68790035608235E-14
2 83 1.635210852490583E-14
2 84 3.6209906646785435E-15
2 85 3.722723274105054E-15
2 86 2.283602484406266E-15
2 87 8.077879082008683E-16
2 88 2.760852104285634E-16
2 89 2.1218501771630688E-17
2 90 0.008007514891460383
2 91 1.273271181331652E-13
2 92 0.02256133710068631
2 93 0.015072648366227955
2 94 0.01866872991090563
2 95 0.010523649328217265
2 96 0.020328780318781978
2 97 0.01278213995197361
2 98 0.0029981545345920697
2 99 2.3016074718146338E-4
2 100 5.245511823319773E-14
2 101 2.7972732762265902E-14
2 102 6.200489486519392E-14
2 103 2.370545201265604E-14
2 104 1.7146301653238135E-14
2 105 1.4716837634892653E-14
2 106 5.344136414744378E-15
2 107 1.3829977365931545E-15
2 108 1.3948460983282303E-16
2 109 1.1625482943057508E-17
2 110 0.0075607222243736305
2 111 4.818365499019199E-13
2 112 0.023658351144033973
2 113 0.017695127658123
2 114 0.02908666483090828
2 115 0.02216627494146339
2 116 0.0219824882998695
2 117 0.01576227898237332
2 118 0.0074326429254591075
2 119 0.0016396682548405356
2 120 2.234237109321721E-4
4 0 0.29177510172790383
4 1 1.0045235635886122E-15
4 2 0.3501152261978267
4 3 1.4816534320640863E-17
4 4 1.1357201164525474E-15
4 5 5.3223025741648375E-18
4 6 0.10564392566340665
4 7 7.40826716032043E-17
4 8 0.041820195239708674
4 9 1.8113663098934274E-16
4 10 2.9762267586434523E-16
4 11 3.2749622537095867E-16
4 12 0.0759303822984231
4 13 1.4573776942621971E-16
4 14 0.10876357159884903
4 15 0.014789527689345619
4 16 7.26300114619174E-16
4 17 7.04825299246685E-16
4 18 7.773716154348435E-16
4 19 1.5289207668614207E-16
4 20 0.0593040639013388
4 21 1.2916755159435118E-16
4 22 0.09799126202990918
4 23 0.035885449437114504
4 24 0.007733560921667471
4 25 2.5580766163717686E-16
4 26 4.634367034044498E-16
4 27 5.445850514143874E-16
4 28 3.206219854139736E-16
4 29 9.583435525826922E-17
4 30 0.011023615280450668
4 31 1.8257433559916022E-15
4 32 0.004725178540696335
4 33 0.01792847059370278
4 34 0.030542713594003443
4 35 0.00675702747747544
4 36 1.0214267622570471E-15
4 37 4.665844143840389E-16
4 38 3.7087523728181315E-16
4 39 4.342674106252264E-16
4 40 3.4955559835175857E-16
4 41 9.944405262678566E-17
4 42 0.027490561681197647
4 43 2.431401859520381E-15
4 44 0.05666129511185662
4 45 0.026024523143216384
4 46 0.049006832082444496
4 47 0.023207710516103656
4 48 0.0024588581088552807
4 49 2.141431699035238E-15
4 50 1.2114827929967794E-15
4 51 1.4933792691218804E-15
4 52 1.3316217632703229E-15
4 53 6.24233522717485E-16
4 54 2.79651583056405E-16
4 55 4.4525184831777745E-17
4 56 0.00880589450833587
4 57 6.527032329500375E-15
4 58 0.03442424210919015
4 59 0.028398502454696762
4 60 0.03327715949322283
4 61 0.02551194215508061
4 62 0.0103066800344826
4 63 0.002531080080425312
4 64 6.0032073482645925E-15
4 65 3.634960676950806E-15
4 66 8.821946139823808E-15
4 67 5.910306628657471E-15
4 68 2.348371071160126E-15
4 69 6.793933879478617E-16
4 70 2.235028295160336E-16
4 71 5.753911847079948E-17
4 72 0.006228739276121997
4 73 5.6430912576903893E-14
4 74 0.014135045529131833
4 75 0.0076392485292261164
4 76 0.00839116849343782
4 77 0.0019527073626646708
4 78 0.020355936743780095
4 79 0.011266775381742667
4 80 0.0016360747340253697
4 81 1.9032170380777172E-14
4 82 1.1428182555627663E-14
4 83 3.7454196004226126E-14
4 84 3.02375305236017E-14
4 85 1.2364852735436764E-14
4 86 3.395664124652381E-15
4 87 1.2397559745589607E-15
4 88 3.3201590946226213E-16
4 89 5.551834934463977E-17
4 90 0.00940789344703135
4 91 7.217351351928698E-14
4 92 0.029333223470904304
4 93 0.02148033161676961
4 94 0.03328501183864909
4 95 0.0247811987003877
4 96 0.026517763210087142
4 97 0.018943381693880632
4 98 0.007032991203440817
4 99 8.43642929714214E-4
4 100 5.749014778188358E-14
4 101 2.992259899538709E-14
4 102 1.3372399482834066E-13
4 103 1.3720449264581552E-13
4 104 6.415539718259367E-14
4 105 2.2072904313916187E-14
4 106 8.578322152555072E-15
4 107 2.603517210484309E-15
4 108 5.601401012932662E-16
4 109 4.4734869785250386E-17
4 110 0.004919042702419733
4 111 1.0241940437156096E-12
4 112 0.009759531219825632
4 113 0.0041372406402294375
4 114 0.018121462780984355
4 115 0.012340941487308467
4 116 0.016710420665229916
4 117 0.010888333230653708
4 118 0.011489754579610816
4 119 0.004537509897582838
4 120 9.267937439954984E-4
6 0 0.3084059287523763
6 1 5.292247171411776E-16
6 2 0.3574002961851375
6 3 6.301368864383225E-31
6 4 5.559742449737193E-16
6 5 5.9499472769201494E-18
6 6 0.09297712421297873
6 7 2.5662990235437995E-17
6 8 0.0475948392094875
6 9 1.392168505806881E-16
6 10 1.9163078797833801E-16
6 11 1.8726379513508692E-16
6 12 0.0829443592386627
6 13 1.0684354843548527E-16
6 14 0.11693388056748324
6 15 0.01746536926370098
6 16 3.478313628745154E-16
6 17 4.324104119916717E-16
6 18 3.9569951712228175E-16
6 19 9.213962682110352E-17
6 20 0.05290444528639296
6 21 4.365223594393126E-16
6 22 0.09428540597545043
6 23 0.03842344310456304
6 24 0.009476601922070371
6 25 4.517027340822347E-16
6 26 4.169812324526991E-16
6 27 2.543402830255369E-16
6 28 1.6232635356907414E-16
6 29 6.079844038523757E-17
6 30 0.01643065542055903
6 31 1.6691468738806603E-15
6 32 0.007141250324382853
6 33 0.01280627860491758
6 34 0.035106617144578495
6 35 0.00859168747779306
6 36 1.1207048549148038E-15
6 37 9.109176676116536E-16
6 38 9.947993392660283E-16
6 39 2.429010038721226E-16
6 40 2.203631921658874E-16
6 41 6.763733305440352E-17
6 42 0.026348175852489924
6 43 7.038602387384574E-15
6 44 0.05974238613745618
6 45 0.03157590261281704
6 46 0.05143294128166757
6 47 0.026589780617756194
6 48 0.003244187253790329
6 49 3.2208569903142954E-15
6 50 2.762541949780541E-15
6 51 2.5240086895165115E-15
6 52 1.1839450679305056E-15
6 53 5.598681343472273E-16
6 54 2.175915257120579E-16
6 55 2.9073168146063104E-17
6 56 0.005935403197591727
6 57 6.548254466465576E-15
6 58 0.026921412847274128
6 59 0.02384208407577822
6 60 0.028464130034355488
6 61 0.02374933325904224
6 62 0.01241852441198935
6 63 0.003465197488789218
6 64 1.0869338919457815E-14
6 65 7.468778459078982E-15
6 66 9.10758825992382E-15
6 67 4.556198691915651E-15
6 68 2.8001087114003858E-15
6 69 8.618398696015484E-16
6 70 1.810923358096042E-16
6 71 4.32388249900328E-17
6 72 0.007645848186748959
6 73 7.214095701686277E-14
6 74 0.020773080787103104
6 75 0.013814003028882029
6 76 0.01609226230362417
6 77 0.008752147962495734
6 78 0.02295454925439264
6 79 0.013857037074086885
6 80 0.00232420752167715
6 81 3.3276381184795955E-14
6 82 2.1520027364935484E-14
6 83 3.797371870414848E-14
6 84 1.5327010187037698E-14
6 85 1.3360503496742052E-14
6 86 6.411403932120646E-15
6 87 1.784999309137815E-15
6 88 4.678267787968794E-16
6 89 4.3163282456578707E-17
6 90 0.009395498679847028
6 91 1.1029045586855059E-13
6 92 0.028039750752364947
6 93 0.019613417696565345
6 94 0.034557192662327985
6 95 0.02582982391432024
6 96 0.027622399029474533
6 97 0.019850757618955564
6 98 0.008768421313220913
6 99 0.0012435982295114837
6 100 7.389302163377545E-14
6 101 8.92726884105733E-14
6 102 1.434596664807837E-13
6 103 3.761874624780531E-14
6 104 5.1499339198093576E-14
6 105 4.1208208918184676E-14
6 106 1.575025036850398E-14
6 107 4.966254916711231E-15
6 108 7.104853215930979E-16
6 109 6.002245637000937E-17
6 110 0.0034322163451003763
6 111 8.378630194627111E-13
6 112 0.003982367323108798
6 113 3.3159713674653894E-4
6 114 0.011157615768622417
6 115 0.006335511832843767
6 116 0.01206940812426641
6 117 0.006972963292677131
6 118 0.012317476156051206
6 119 0.005989692446621423
6 120 0.0014176015417539454
8 0 0.31571429913584104
8 1 0.0
8 2 0.36024357338849455
8 3 0.0
8 4 0.0
8 5 0.0
8 6 0.08731660942297881
8 7 1.4816534320640863E-17
8 8 0.05026821257634408
8 9 0.0
8 10 0.0
8 11 0.0
8 12 0.08554265118761281
8 13 2.9633068641281725E-17
8 14 0.12036490876527527
8 15 0.01873666853024175
8 16 0.0
8 17 0.0
8 18 0.0
8 19 0.0
8 20 0.04995552165753625
8 21 4.1723739477048287E-16
8 22 0.09217752087750594
8 23 0.03938013045635248
8 24 0.010326383790532663
8 25 0.0
8 26 0.0
8 27 0.0
8 28 0.0
8 29 0.0
8 30 0.018494394068115916
8 31 5.932167326596494E-16
8 32 0.012212532304388018
8 33 0.010252082576824287
8 34 0.03715817753631167
8 35 0.009509443839150653
8 36 0.0
8 37 0.0
8 38 0.0
8 39 0.0
8 40 0.0
8 41 0.0
8 42 0.025681567245455738
8 43 8.434395939772708E-15
8 44 0.06047147285864363
8 45 0.033603987739537836
8 46 0.052225247612716845
8 47 0.028028639528938592
8 48 0.0036472336235398267
8 49 0.0
8 50 0.0
8 51 0.0
8 52 0.0
8 53 0.0
8 54 0.0
8 55 0.0
8 56 0.004745954125193341
8 57 2.8415563465336478E-14
8 58 0.023447754617569035
8 59 0.021400966901524376
8 60 0.02602985341878339
8 61 0.0225411441858341
8 62 0.01339329175487927
8 63 0.003957005763758841
8 64 0.0
8 65 0.0
8 66 0.0
8 67 0.0
8 68 0.0
8 69 0.0
8 70 0.0
8 71 0.0
8 72 0.008175954598356273
8 73 1.1117430507018079E-13
8 74 0.023278057328058675
8 75 0.016069464048776832
8 76 0.019297740072505735
8 77 0.011674376659478852
8 78 0.02409789601168745
8 79 0.015047195211461391
8 80 0.002695843127412409
8 81 0.0
8 82 0.0
8 83 0.0
8 84 0.0
8 85 0.0
8 86 0.0
8 87 0.0
8 88 0.0
8 89 0.0
8 90 0.009327741806139567
8 91 3.9787333299513733E-13
8 92 0.02700519808768666
8 93 0.018377103121336384
8 94 0.03450605752533783
8 95 0.025621291381493785
8 96 0.027848729323808795
8 97 0.01995501183202496
8 98 0.009557760707149194
8 99 0.0014651457581850887
8 100 0.0
8 101 0.0
8 102 0.0
8 103 0.0
8 104 0.0
8 105 0.0
8 106 0.0
8 107 0.0
8 108 0.0
8 109 0.0
8 110 0.002670696708696309
8 111 8.211204354255883E-13
8 112 0.0014957798156156506
8 113 0.0020553269382477526
8 114 0.007818098357444589
8 115 0.0036506570691738197
8 116 0.009639034710031174
8 117 0.005001950455124059
8 118 0.01260687048403198
8 119 0.006700513839090648
8 120 0.001696429970495463
10 0 0.319524563840094
10 1 5.6374834757225615E-16
10 2 0.36164007770214046
10 3 6.528678352791903E-31
10 4 5.542434638333893E-16
10 5 4.4690159469971805E-18
10 6 0.08435004272042279
10 7 1.4816534320640863E-17
10 8 0.05169518647894472
10 9 2.3622782461373844E-16
10 10 1.6911232126704011E-16
10 11 2.1050363953774265E-16
10 12 0.08678288632391055
10 13 2.2224801480961293E-16
10 14 0.1221096521246199
10 15 0.01942327099208111
10 16 6.544984850698784E-16
10 17 3.4318880928935015E-16
10 18 4.58069942223238E-16
10 19 1.0038769893488538E-16
10 20 0.048396088844725224
10 21 2.5662990235437995E-17
10 22 0.09096841261554756
10 23 0.03983452687768723
10 24 0.01079074898481421
10 25 1.314159616226241E-15
10 26 1.1860319938678052E-15
10 27 4.486460440744394E-16
10 28 1.5798359197612502E-16
10 29 6.701163348894487E-17
10 30 0.019497245448183608
10 31 6.053057503440076E-16
10 32 0.01480795030518206
10 33 0.008854883209882137
10 34 0.038235269570352844
10 35 0.010016864023103901
10 36 4.3749967523023E-15
10 37 4.7678629632408895E-15
10 38 1.2347882592896809E-15
10 39 6.439806281836388E-16
10 40 2.1642385509103496E-16
10 41 8.589097566127461E-17
10 42 0.02530101044223524
10 43 3.4460150147580454E-15
10 44 0.06070884639760503
10 45 0.034548609095352414
10 46 0.052568155764463734
10 47 0.02875912382809727
10 48 0.0038726975051705218
10 49 1.3441650761596432E-14
10 50 1.484083298034658E-14
10 51 4.72203258005077E-15
10 52 3.019983322292516E-15
10 53 1.3569204714488494E-15
10 54 4.039057280871064E-16
10 55 5.032902953525401E-17
10 56 0.004145084571697522
10 57 8.648998825282746E-15
10 58 0.021609305893390267
10 59 0.02004551960073339
10 60 0.024692510511848918
10 61 0.02180626496961648
10 62 0.01391076754969675
10 63 0.00423535685341714
10 64 3.696434267147018E-14
10 65 4.093896828651889E-14
10 66 1.4547017662880824E-14
10 67 1.1209882618106888E-14
10 68 7.972809889983278E-15
10 69 2.45633412441037E-15
10 70 6.15205697099897E-16
10 71 5.09911680841648E-17
10 72 0.008432919998889583
10 73 9.286585303490295E-14
10 74 0.024479533135833346
10 75 0.01712371922040223
10 76 0.020913371095563387
10 77 0.013156335393144512
10 78 0.024694029167490757
10 79 0.015674885182314097
10 80 0.0029086487201698194
10 81 9.149775905824325E-14
10 82 1.0070083974132971E-13
10 83 3.460767024155552E-14
10 84 3.4289171682039075E-14
10 85 3.1523987245373054E-14
10 86 1.3106030661819211E-14
10 87 4.7579519969351685E-15
10 88 7.25798548788549E-16
10 89 7.25733040095874E-17
10 90 0.009276811271801516
10 91 3.02457071403898E-13
10 92 0.026365276073081097
10 93 0.01765626747280523
10 94 0.03433371331068459
10 95 0.025359636028752474
10 96 0.027892495807415908
10 97 0.019930101138521925
10 98 0.009970371844570829
10 99 0.0015934954289648403
10 100 1.9756053368017253E-13
10 101 2.2415652309443996E-13
10 102 7.169385341552049E-14
10 103 8.623672728739716E-14
10 104 9.562803285756377E-14
10 105 5.3469400579962004E-14
10 106 2.6375217682311028E-14
10 107 6.897013835709445E-15
10 108 1.0561480390614448E-15
10 109 7.545266266336936E-17
10 110 0.002247376561222221
10 111 5.412927695439682E-13
10 112 2.2966375288607706E-4
10 113 0.0028880860425905927
10 114 0.006034343412626729
10 115 0.002270445140947437
10 116 0.008303893838812576
10 117 0.003931608087162925
10 118 0.012750541028547785
10 119 0.007086969589810798
10 120 0.0018598557372256036
12 0 0.3217508876479611
12 1 0.0
12 2 0.36242894145643634
12 3 0.0
12 4 0.0
12 5 0.0
12 6 0.08261289361770628
12 7 2.2224801480961293E-17
12 8 0.05253954168258837
12 9 0.0
12 10 0.0
12 11 0.0
12 12 0.08747179028851441
12 13 5.926613728256345E-17
12 14 0.12311429064183774
12 15 0.019832107986028656
12 16 0.0
12 17 0.0
12 18 0.0
12 19 0.0
12 20 0.04747947968651719
12 21 6.50747854864656E-16
12 22 0.09022803026951245
12 23 0.040085011229683394
12 24 0.011069001198269847
12 25 0.0
12 26 0.0
12 27 0.0
12 28 0.0
12 29 0.0
12 30 0.020060500656268538
12 31 1.5680346041707626E-16
12 32 0.016307167691251054
12 33 0.008019122613999057
12 34 0.03886639021507224
12 35 0.01032283434521436
12 36 0.0
12 37 0.0
12 38 0.0
12 39 0.0
12 40 0.0
12 41 0.0
12 42 0.025069101898981178
12 43 7.337820373178546E-15
12 44 0.06080372790589225
12 45 0.035063134764413986
12 46 0.052745784855670615
12 47 0.02917832907836138
12 48 0.004009508059883992
12 49 0.0
12 50 0.0
12 51 0.0
12 52 0.0
12 53 0.0
12 54 0.0
12 55 0.0
12 56 0.003800351511885348
12 57 5.033436438440231E-15
12 58 0.020528468161606125
12 59 0.01923107220743403
12 60 0.023890915453732963
12 61 0.021343948388581453
12 62 0.014215728975729517
12 63 0.004405324033766846
12 64 0.0
12 65 0.0
12 66 0.0
12 67 0.0
12 68 0.0
12 69 0.0
12 70 0.0
12 71 0.0
12 72 0.008577421712474052
12 73 1.9243638114646692E-14
12 74 0.025147772277213876
12 75 0.01770031458043894
12 76 0.02183807891003732
12 77 0.014005249314929453
12 78 0.02504229375635831
12 79 0.016042942434992522
12 80 0.0030394112043177213
12 81 0.0
12 82 0.0
12 83 0.0
12 84 0.0
12 85 0.0
12 86 0.0
12 87 0.0
12 88 0.0
12 89 0.0
12 90 0.009241852487601891
12 91 2.871632235362366E-13
12 92 0.02596158685367612
12 93 0.017214386597930776
12 94 0.034187321007706085
12 95 0.02516050392284576
12 96 0.027892752527256297
12 97 0.01988943450506061
12 98 0.010210815837392187
12 99 0.0016728590228572578
12 100 0.0
12 101 0.0
12 102 0.0
12 103 0.0
12 104 0.0
12 105 0.0
12 106 0.0
12 107 0.0
12 108 0.0
12 109 0.0
12 110 0.0019918883187089015
12 111 1.5231816338754871E-12
12 112 4.982254465177613E-4
12 113 0.0033530444845835173
12 114 0.004982496263316
12 115 0.0014740641550706154
12 116 0.007509952061105047
12 117 0.0032957003306271224
12 118 0.01283467133280368
12 119 0.007317427501751859
12 120 0.001961544274836772
14 0 0.32316093332861523
14 1 2.728833449299746E-16
14 2 0.3629182536830967
14 3 1.5059168388548227E-31
14 4 2.6437734207046677E-16
14 5 1.197125187161384E-17
14 6 0.08151145052560592
14 7 7.408267160320431E-18
14 8 0.05307836216783571
14 9 1.0510015482009632E-16
14 10 1.232052925336152E-16
14 11 1.0865355991092925E-16
14 12 0.08789458846499974
14 13 2.9633068641281725E-17
14 14 0.1237447515750731
14 15 0.020093989854128674
14 16 2.063499886583434E-16
14 17 2.3747531431051444E-16
14 18 2.3427602667623876E-16
14 19 5.684816187163091E-17
14 20 0.04689717962509551
14 21 6.982660237181616E-16
14 22 0.08974640739096926
14 23 0.040237723144786845
14 24 0.011247909186872374
14 25 6.190508770062564E-16
14 26 1.7190478222802274E-16
14 27 1.2838366988010893E-16
14 28 1.5946691636642366E-16
14 29 4.52502109220577E-17
14 30 0.020408684237450212
14 31 2.4937156028876342E-15
14 32 0.017249733269358122
14 33 0.007482721190770108
14 34 0.03926665818007537
14 35 0.010520306471595657
14 36 1.3955986713250872E-15
14 37 2.680143901030769E-16
14 38 7.695926685324121E-16
14 39 6.739211781594934E-16
14 40 2.653586204210242E-16
14 41 3.8549293199511194E-17
14 42 0.024918764400405094
14 43 2.592004361602E-15
14 44 0.06084742770261522
14 45 0.035374426373738006
14 46 0.05284952684276371
14 47 0.029440622938094105
14 48 0.004098138116863016
14 49 2.104905998362516E-15
14 50 6.798544402506656E-16
14 51 3.8617895789387344E-15
14 52 2.803087912113622E-15
14 53 1.1958765119590815E-15
14 54 2.382251109212603E-16
14 55 3.573465251158184E-17
14 56 0.0035844861372885312
14 57 2.4004175752525588E-14
14 58 0.019841798820501112
14 59 0.01870748644433354
14 60 0.02337583331727147
14 61 0.021038698758957714
14 62 0.014409794736465595
14 63 0.004515849142893097
14 64 1.4737115560770325E-15
14 65 1.774095602058996E-15
14 66 1.4558303213374798E-14
14 67 9.001014384512478E-15
14 68 4.847953221893777E-15
14 69 1.9612419154899575E-15
14 70 4.518005252254565E-16
14 71 5.5262835655528434E-17
14 72 0.008666904090253245
14 73 1.5927742142851334E-13
14 74 0.02555799036554912
14 75 0.01805037802992583
14 76 0.022416044574775338
14 77 0.014535642276736501
14 78 0.025262827009870214
14 79 0.016276320754484035
14 80 0.003124763073217427
14 81 2.9183560532518526E-14
14 82 7.539779371456523E-15
14 83 4.467667273134541E-14
14 84 2.4757125572489893E-14
14 85 1.8067625946589457E-14
14 86 1.1798404949666374E-14
14 87 4.0236527182726756E-15
14 88 8.407992647230351E-16
14 89 5.788745770797139E-17
14 90 0.009217654570035011
14 91 5.562309918191451E-14
14 92 0.025695021558135064
14 93 0.016927330200127905
14 94 0.03407730214363599
14 95 0.025017302256922565
14 96 0.02788288625629269
14 97 0.019853542795740465
14 98 0.010362627559816026
14 99 0.0017248567931216028
14 100 1.8279399677121396E-13
14 101 6.889427538817635E-14
14 102 1.1702404954923327E-13
14 103 7.021810624182923E-14
14 104 6.764761491480995E-14
14 105 5.757903417921891E-14
14 106 2.6451102529717912E-14
14 107 8.620898982607458E-15
14 108 1.3701740470425218E-15
14 109 8.182548067369443E-17
14 110 0.0018270395365389397
14 111 1.3378507162422996E-12
14 112 9.542601445154445E-4
14 113 0.0036391604670479452
14 114 0.004313491046033253
14 115 9.742428597506845E-4
14 116 0.007004415163909854
14 117 0.0028896090431674046
14 118 0.012888638291174325
14 119 0.007465069404095411
14 120 0.0020284199917693607
16 0 0.32410903892447684
16 1 2.7403713398395444E-16
16 2 0.3632427730262496
16 3 1.4816534320640863E-17
16 4 2.5079151631962245E-16
16 5 1.1224434701509895E-17
16 6 0.08077037823686292
16 7 4.290769815293912E-32
16 8 0.0534424289354541
16 9 1.5139719206069105E-16
16 10 1.279843291581748E-16
16 11 1.1076523843838277E-16
16 12 0.088173014548354
16 13 1.5037140019065142E-16
16 14 0.12416607996664833
16 15 0.020271367473222508
16 16 3.0434477489920124E-16
16 17 2.3893666037373637E-16
16 18 2.767104325719359E-16
16 19 4.898294965462726E-17
16 20 0.04650495629052112
16 21 1.304612463893769E-15
16 22 0.08941709451559489
16 23 0.040337763748788155
16 24 0.011369382088655268
16 25 3.7078649886852595E-16
16 26 3.1208788352588663E-16
16 27 4.674767067728636E-16
16 28 1.2946852832029714E-16
16 29 4.097354552059228E-17
16 30 0.020639100082234515
16 31 4.385619074478174E-15
16 32 0.017880374195902455
16 33 0.007119055413018082
16 34 0.039535997917479825
16 35 0.010654710284175903
16 36 9.266933212923587E-16
16 37 9.288848008315844E-16
16 38 9.71739249251236E-16
16 39 4.626503233834823E-16
16 40 1.9526090548124783E-16
16 41 4.8216852278569095E-17
16 42 0.02481621915088342
16 43 5.4416029447335174E-15
16 44 0.06086975074084289
16 45 0.03557730108439696
16 46 0.052915441374548323
16 47 0.02961550368946362
16 48 0.0041586085051516656
16 49 2.6870355263457462E-15
16 50 2.2517879729154408E-15
16 51 1.5280175213130138E-15
16 52 1.5169748934673543E-15
16 53 8.935414339940592E-16
16 54 1.9040944936330215E-16
16 55 3.074026815386562E-17
16 56 0.0034404297243772987
16 57 2.8725786854359984E-14
16 58 0.019379270276687285
16 59 0.018352269387278904
16 60 0.02302635700281115
16 61 0.02082806602372752
16 62 0.014540663161042609
16 63 0.0045914415987056865
16 64 8.039893128732263E-15
16 65 6.165459160979442E-15
16 66 3.3143459031166603E-15
16 67 1.0228914814007881E-14
16 68 5.028600897985994E-15
16 69 1.180432317205434E-15
16 70 2.7259027814166676E-16
16 71 3.017973540169744E-17
16 72 0.008726214219729715
16 73 8.189804465487577E-14
16 74 0.025828112282974623
16 75 0.01827915108039132
16 76 0.02280122026663108
16 77 0.014888899504181779
16 78 0.025411087802606414
16 79 0.01643329601852375
16 80 0.003183280624102766
16 81 2.2496711982522282E-14
16 82 1.9363363436478594E-14
16 83 2.4621052096174107E-14
16 84 5.4279136421494523E-14
16 85 2.6783279842906312E-14
16 86 7.684527922610841E-15
16 87 1.7886646880309492E-15
16 88 3.908986211189815E-16
16 89 3.769344725845304E-17
16 90 0.009200464718828395
16 91 1.2025941554966926E-13
16 92 0.025511168719507777
16 93 0.016731363222484703
16 94 0.033995820570987136
16 95 0.024913728872849348
16 96 0.02787178141948105
16 97 0.019824948946590055
16 98 0.01046443397559523
16 99 0.0017605933956503059
16 100 5.243359107445827E-14
16 101 6.132982740260285E-14
16 102 1.1459397124618293E-13
16 103 2.3368524747241754E-13
16 104 1.2713762006907355E-13
16 105 4.224386155853762E-14
16 106 9.473968547948846E-15
16 107 3.3179063309698936E-15
16 108 5.874066455021563E-16
16 109 5.1199699780792204E-17
16 110 0.0017148974287535513
16 111 1.5130109365846507E-12
16 112 0.0012586172494679867
16 113 0.0038278672148916626
16 114 0.0038626576131265806
16 115 6.403370547118877E-4
16 116 0.006664270478139581
16 117 0.0026152832283491984
16 118 0.012925400012184644
16 119 0.007565048374962466
16 120 0.002074493603363732
18 0 0.3247765975314542
18 1 2.9322509253648174E-16
18 2 0.3634691019775637
18 3 4.4449602961922585E-17
18 4 2.9946006363880974E-16
18 5 1.5465564698048955E-17
18 6 0.08024838446515513
18 7 1.3334880888576775E-16
18 8 0.0536996208397072
18 9 6.963540014046328E-17
18 10 1.340045344838626E-16
18 11 1.0062526216888742E-16
18 12 0.088366237741987
18 13 2.4480932411164594E-16
18 14 0.12446147168229225
18 15 0.020396882798352316
18 16 1.5217734452639858E-16
18 17 3.170918382885375E-16
18 18 1.7860507965458523E-16
18 19 6.375185297739706E-17
18 20 0.046228485905099446
18 21 2.2224801480961293E-16
18 22 0.08918260729258247
18 23 0.040406910005629994
18 24 0.011455481255444114
18 25 4.901843283072014E-16
18 26 5.007699400982444E-16
18 27 4.316770734736806E-16
18 28 2.241118253671464E-16
18 29 5.2091012681404354E-17
18 30 0.020799559690115765
18 31 8.303871109379784E-16
18 32 0.018322864976179166
18 33 0.006861584986566058
18 34 0.0397257251350424
18 35 0.010750133196927473
18 36 1.621674653765044E-15
18 37 9.13983134652528E-16
18 38 1.2734839084064383E-15
18 39 7.348338304514062E-16
18 40 2.7915573234401283E-16
18 41 4.2885803179653315E-17
18 42 0.024743328522561146
18 43 1.0021104688635325E-14
18 44 0.0608820904874861
18 45 0.035717016999167336
18 46 0.05295999238123343
18 47 0.029737893720355513
18 48 0.004201612153945979
18 49 5.373032579802268E-15
18 50 1.9675474146414393E-15
18 51 1.4276467168660235E-15
18 52 1.5230709304992637E-15
18 53 7.691047455154777E-16
18 54 2.042916712210234E-16
18 55 3.285968601520406E-17
18 56 0.003339529595065979
18 57 3.911327090889541E-14
18 58 0.01905324482068028
18 59 0.018100706927755065
18 60 0.022778804521526697
18 61 0.02067717647159042
18 62 0.014632983962480754
18 63 0.004645288709044518
18 64 1.6943352045025133E-14
18 65 6.003587352347655E-15
18 66 5.359950615446356E-15
18 67 5.7165682674079435E-15
18 68 3.567547891379176E-15
18 69 1.2928381353414463E-15
18 70 3.085235743711716E-16
18 71 3.9998929180016675E-17
18 72 0.008767570891775898
18 73 2.5727801543658216E-14
18 74 0.02601554177559916
18 75 0.018437040421317916
18 76 0.023070732430301943
18 77 0.015135933903627833
18 78 0.025515463705185034
18 79 0.016543826582157143
18 80 0.00322503398288643
18 81 4.2019266091156387E-14
18 82 1.9604632250747175E-14
18 83 2.542190061525753E-14
18 84 3.488908429805183E-14
18 85 2.611893216783337E-14
18 86 1.0127242340143503E-14
18 87 2.4650593520681093E-15
18 88 7.621446782502143E-16
18 89 6.879209855604466E-17
18 90 0.009187910142553057
18 91 2.8037297945535795E-13
18 92 0.025379534277134255
18 93 0.01659201625691616
18 94 0.03393484169932466
18 95 0.02483734239292582
18 96 0.027861775033720185
18 97 0.019802652421463753
18 98 0.010535963954348526
18 99 0.0017861345073409806
18 100 5.989366938601565E-14
18 101 4.747583793460704E-14
18 102 7.998562256481135E-14
18 103 1.347875433390723E-13
18 104 1.2652140176332758E-13
18 105 6.437504911064361E-14
18 106 2.2818754286425538E-14
18 107 9.25466884152034E-15
18 108 1.3763074218604266E-15
18 109 1.188902610172412E-16
18 110 0.0016353207258161498
18 111 9.891450785585662E-13
18 112 0.0014717827913520772
18 113 0.0039589536827629
18 114 0.003544818528365917
18 115 4.063359249112151E-4
18 116 0.006425045111471338
18 117 0.002421575826868702
18 118 0.012951571482976237
18 119 0.007635774446943413
18 120 0.0021074773495429644
20 0 0.32526411887695755
20 1 2.835514601421749E-16
20 2 0.3636332619580737
20 3 4.4449602961922585E-17
20 4 2.761136707173955E-16
20 5 1.0752158076741766E-17
20 6 0.07986706895120196
20 7 1.9261494616833121E-16
20 8 0.053887895286279755
20 9 9.716751457455992E-17
20 10 1.4586650972923272E-16
20 11 9.929896285878037E-17
20 12 0.08850588358831862
20 13 2.4480932411164594E-16
20 14 0.12467653195243424
20 15 0.020488873878477195
20 16 2.5536018713208024E-16
20 17 3.8390778817093075E-16
20 18 1.973005698344232E-16
20 19 6.067842334880218E-17
20 20 0.04602642693851461
20 21 5.445958227990354E-16
20 22 0.08901000053699154
20 23 0.04045672684494619
20 24 0.011518658802031527
20 25 6.127687772034647E-16
20 26 6.867567547798E-16
20 27 5.965443482389249E-16
20 28 1.7940183921080817E-16
20 29 4.6170781807252744E-17
20 30 0.020915820587003222
20 31 1.2321799101689748E-15
20 32 0.01864520252902787
20 33 0.006672825493130673
20 34 0.03986432439525202
20 35 0.010820235339284274
20 36 1.8144470893352426E-15
20 37 1.4387983366384776E-15
20 38 2.102262361373549E-15
20 39 6.859941220104869E-16
20 40 2.31879126520438E-16
20 41 4.492834569871077E-17
20 42 0.02468974195676405
20 43 1.059758249209129E-14
20 44 0.06088934889281202
20 45 0.03581741124622805
20 46 0.05299155526356646
20 47 0.029826877851121678
20 48 0.0042332421187803925
20 49 4.413555747603942E-15
20 50 3.260003954173082E-15
20 51 5.80377354614129E-15
20 52 2.8552075785453406E-15
20 53 9.831018627513788E-16
20 54 1.896065833761928E-16
20 55 2.941019695596335E-17
20 56 0.00326611956926217
20 57 1.744018751985341E-14
20 58 0.01881497069518966
20 59 0.017916255285819385
20 60 0.022597249009016496
20 61 0.020565637605317193
20 62 0.014700496163727705
20 63 0.004684941207272902
20 64 7.920252105352847E-15
20 65 7.770072987459875E-15
20 66 1.495565489517437E-14
20 67 8.990450709352371E-15
20 68 3.940689271452154E-15
20 69 1.0920626310133932E-15
20 70 3.054943612180551E-16
20 71 4.0468627746677337E-17
20 72 0.008797566928045022
20 73 5.703189505718548E-14
20 74 0.026150976499225997
20 75 0.018550682599766496
20 76 0.023266666870889158
20 77 0.015315437173330606
20 78 0.02559168162944444
20 79 0.016624542300556988
20 80 0.0032558172199689582
20 81 2.029056576131133E-14
20 82 1.9255632219038513E-14
20 83 4.170768061784295E-14
20 84 2.006190660517837E-14
20 85 1.320761260489862E-14
20 86 5.849014020151316E-15
20 87 2.432390326903734E-15
20 88 6.025191006883774E-16
20 89 5.582112937685885E-17
20 90 0.009178502908823497
20 91 5.871960275183543E-13
20 92 0.0252822762848185
20 93 0.01648955701489577
20 94 0.033888429590323496
20 95 0.0247797700897794
20 96 0.027853314144451847
20 97 0.01978523544647012
20 98 0.01058811571058207
20 99 0.001804987372080814
20 100 1.4608594651656785E-13
20 101 8.077870151722172E-14
20 102 1.5221524464473966E-13
20 103 5.274423867268225E-14
20 104 4.1304445057530205E-14
20 105 2.7740135869813465E-14
20 106 1.5044353348438445E-14
20 107 5.312248455517798E-15
20 108 8.835373792012867E-16
20 109 6.420502877640223E-17
20 110 0.0015768864193991836
20 111 2.6542756100836364E-12
20 112 0.0016268564417012648
20 113 0.004053753814876918
20 114 0.003312512457549095
20 115 2.36037390385196E-4
20 116 0.006250639866914954
20 117 0.0022798417506065343
20 118 0.012970856637332858
20 119 0.007687595495495825
20 120 0.002131852774114348
22 0 0.32563088444577604
22 1 2.7446680996081647E-16
22 2 0.3637561326668743
22 3 2.9633068641281725E-17
22 4 2.513036403571243E-16
22 5 9.948704173813613E-18
22 6 0.07958014944645476
22 7 5.926613728256345E-17
22 8 0.05402978365566793
22 9 1.343240254624453E-16
22 10 8.793705398893969E-17
22 11 1.1578617899149754E-16
22 12 0.08861012611832093
22 13 3.388421867044938E-16
22 14 0.12483795056608271
22 15 0.020558261397636658
22 16 1.7973545604316525E-16
22 17 2.2643704671512065E-16
22 18 2.895091950160915E-16
22 19 5.071861057200182E-17
22 20 0.04587433604207455
22 21 7.168814424939033E-16
22 22 0.08887939401680295
22 23 0.040493822884407754
22 24 0.01156635443393173
22 25 2.1024780186115038E-16
22 26 7.268305335715207E-16
22 27 4.679515379641565E-16
22 28 1.2544018916743274E-16
22 29 3.4852341431946755E-17
22 30 0.021002771992213756
22 31 1.1430838598122118E-15
22 32 0.01888724117047825
22 33 0.006530420069157919
22 34 0.039968614368385474
22 35 0.01087320501732023
22 36 5.348196400883938E-16
22 37 1.854175418162795E-15
22 38 1.017257004197E-15
22 39 3.75122421970315E-16
22 40 1.2738092213332813E-16
22 41 4.242477159648227E-17
22 42 0.02464923353692351
22 43 1.0173727734611642E-14
22 44 0.06089383799759376
22 45 0.035892022349928
22 46 0.05301475803202911
22 47 0.02989359576964571
22 48 0.004257162876290482
22 49 7.264212402632526E-16
22 50 4.64317381529532E-15
22 51 2.4284857105894713E-15
22 52 6.563109055627544E-16
22 53 4.2917778765127735E-16
22 54 1.8470500233112392E-16
22 55 3.5865598876372474E-17
22 56 0.003211047824593384
22 57 7.163667935046796E-15
22 58 0.018635622276218806
22 59 0.017777092708893293
22 60 0.02246024090743547
22 61 0.020480980953874676
22 62 0.014751335079055043
22 63 0.004714955418515422
22 64 8.225790019055133E-15
22 65 1.6964529469032167E-14
22 66 9.131873938263659E-15
22 67 3.146648999662305E-15
22 68 1.7734716662814725E-15
22 69 9.432294402818478E-16
22 70 3.7407537002880516E-16
22 71 5.306624868545359E-17
22 72 0.008820019493530088
22 73 1.1374836649043848E-13
22 74 0.02625205900492775
22 75 0.018635249977030262
22 76 0.023413569665791965
22 77 0.015449964675659587
22 78 0.025649015858654464
22 79 0.01668525916483753
22 80 0.0032791384156364905
22 81 5.2198556267789716E-14
22 82 7.46503598455813E-14
22 83 4.603562955954419E-14
22 84 1.1369366175640015E-14
22 85 5.7116902856850195E-15
22 86 4.951620179410974E-15
22 87 2.3745802666652672E-15
22 88 6.728837215833485E-16
22 89 8.596162862618305E-17
22 90 0.009171291816137163
22 91 1.566035233396164E-13
22 92 0.025208489017832614
22 93 0.016412098490675986
22 94 0.03385246998697808
22 95 0.02473547203358674
22 96 0.027846302917590316
22 97 0.019771500204938054
22 98 0.010627298286543543
22 99 0.0018192826962039699
22 100 2.436754912643732E-13
22 101 3.09704144199999E-13
22 102 2.0656225087890196E-13
22 103 4.204402139931341E-14
22 104 2.972597995480947E-14
22 105 3.918494004163985E-14
22 106 1.833747038073213E-14
22 107 7.417980464090087E-15
22 108 1.3924431282988755E-15
22 109 1.2210385970815568E-16
22 110 0.0015327498625944103
22 111 2.8451009144297237E-12
22 112 0.001743179863601501
22 113 0.0041245523779847625
22 114 0.0031376539620463994
22 115 1.0825830820682962E-4
22 116 0.006119675133457486
22 117 0.0021730734137448407
22 118 0.012985469616876202
22 119 0.007726673678930265
22 120 0.0021503518041569975
24 0 0.32591367031411966
24 1 1.4133835726089229E-16
24 2 0.36385050121938606
24 3 1.4816534320640863E-17
24 4 1.3012248407259286E-16
24 5 1.1142228081600731E-17
24 6 0.07935889698585118
24 7 1.0371574024448603E-16
24 8 0.054139328896345866
24 9 1.0099640412942246E-16
24 10 8.917968516067462E-17
24 11 5.554093504718103E-17
24 12 0.08869002340955999
24 13 2.0743148048897208E-16
24 14 0.12496218909442353
24 15 0.020611867823205437
24 16 2.60580925583523E-16
24 17 1.8830998090275265E-16
24 18 1.4099101942697355E-16
24 19 2.4442840794933023E-17
24 20 0.045757024290976084
24 21 7.240420554001348E-16
24 22 0.08877825274154807
24 23 0.040522200114830445
24 24 0.011603226957474604
24 25 3.82970458773152E-16
24 26 2.5018019741945643E-16
24 27 2.3458057190786395E-16
24 28 6.339881049336193E-17
24 29 1.4898109558876252E-17
24 30 0.021069514008490442
24 31 4.2234140589042704E-15
24 32 0.01907358894186996
24 33 0.006420388978756497
24 34 0.040049036116974364
24 35 0.010914182034761993
24 36 5.035098529294857E-16
24 37 7.505572633803585E-16
24 38 5.515282882272543E-16
24 39 2.748401145524896E-16
24 40 6.561131171381235E-17
24 41 1.967304000599548E-17
24 42 0.024617887180078186
24 43 3.7525341289371625E-15
24 44 0.06089673152488494
24 45 0.03594901103701682
24 46 0.05303232974777629
24 47 0.02994490309323828
24 48 0.0042756801347521006
24 49 2.0799644100918424E-16
24 50 3.4971085630693552E-15
24 51 1.2863298616038918E-15
24 52 9.600797234306345E-16
24 53 4.530822974154957E-16
24 54 1.2227700354488607E-16
24 55 2.539470585561082E-17
24 56 0.003168677222144653
24 57 1.2434453678185803E-14
24 58 0.018497287392099028
24 59 0.017669565639298643
24 60 0.022354357996795304
24 61 0.020415272614928974
24 62 0.014790561537965532
24 63 0.004738205122877707
24 64 3.793920775025375E-15
24 65 1.2700866019468757E-14
24 66 3.701424482343277E-15
24 67 3.5304594154526372E-15
24 68 2.7435486854661367E-15
24 69 1.2368943812263563E-15
24 70 3.577875119081297E-16
24 71 3.9279281081340374E-17
24 72 0.00883726503646666
24 73 6.938816988668379E-14
24 74 0.026329523175861985
24 75 0.018699910645914298
24 76 0.023526540756678364
24 77 0.015553383543668623
24 78 0.02569321892404295
24 79 0.016732068477817844
24 80 0.0032972155690895373
24 81 2.354208766036815E-14
24 82 3.802185290114512E-14
24 83 1.6527770253036612E-14
24 84 1.3448008302448822E-14
24 85 1.343020257639205E-14
24 86 8.32848167793823E-15
24 87 3.1493875566607318E-15
24 88 5.690703824995168E-16
24 89 4.7105875167270214E-17
24 90 0.009165652786852432
24 91 1.6112177145956544E-13
24 92 0.025151236762594488
24 93 0.016352157994829603
24 94 0.03382413334453788
24 95 0.02470074264665771
24 96 0.027840516415161866
24 97 0.019760538624626855
24 98 0.010657477466008087
24 99 0.0018303709194736012
24 100 1.1574513437287697E-13
24 101 1.0792351054002037E-13
24 102 7.671702687597498E-14
24 103 5.391233328589351E-14
24 104 5.191570564480267E-14
24 105 4.258766131107599E-14
24 106 1.9607986779044554E-14
24 107 4.817117274240813E-15
24 108 8.125498641562761E-16
24 109 7.912471990119753E-17
24 110 0.0014986168816673157
24 111 1.9993092855879335E-12
24 112 0.001832667298793484
24 113 0.004178834474651234
24 114 0.0030027836176287842
24 115 9.93837390409734E-6
24 116 0.006018874671554162
24 117 0.0020906734331703277
24 118 0.012996801900534042
24 119 0.007756857790791327
24 120 0.002164710190289577
26 0 0.3261362621340173
26 1 0.0
26 2 0.3639245571021059
26 3 0.0
26 4 0.0
26 5 0.0
26 6 0.07918472272798892
26 7 7.408267160320431E-18
26 8 0.054225645429474854
26 9 0.0
26 10 0.0
26 11 0.0
26 12 0.08875262227094702
26 13 9.252922717560335E-17
26 14 0.12505984723984176
26 15 0.02065412902143253
26 16 0.0
26 17 0.0
26 18 0.0
26 19 0.0
26 20 0.045664656373157184
26 21 9.134726864735712E-16
26 22 0.08869837154095318
26 23 0.040544398742756976
26 24 0.011632310834206372
26 25 0.0
26 26 0.0
26 27 0.0
26 28 0.0
26 29 0.0
26 30 0.02112186594966492
26 31 1.2099766517471173E-15
26 32 0.019220104128785647
26 33 0.006333637568496072
26 34 0.04011234587188527
26 35 0.010946520116226684
26 36 0.0
26 37 0.0
26 38 0.0
26 39 0.0
26 40 0.0
26 41 0.0
26 42 0.02459314429050566
26 43 1.6838781032700655E-15
26 44 0.06089866231698166
26 45 0.03599353869712327
26 46 0.0530459660736799
26 47 0.029985206227307094
26 48 0.004290301066926259
26 49 0.0
26 50 0.0
26 51 0.0
26 52 0.0
26 53 0.0
26 54 0.0
26 55 0.0
26 56 0.003135381593845721
26 57 1.4044417737159112E-14
26 58 0.018388367384774906
26 59 0.01758478868281733
26 60 0.02227086352126443
26 61 0.02036328458877812
26 62 0.01482145536430865
26 63 0.004756572209411236
26 64 0.0
26 65 0.0
26 66 0.0
26 67 0.0
26 68 0.0
26 69 0.0
26 70 0.0
26 71 0.0
26 72 0.008850799580469278
26 73 1.3880220452086197E-13
26 74 0.026390208236712055
26 75 0.018750475105758536
26 76 0.02361528337674443
26 77 0.015634599685600475
26 78 0.025728010881797884
26 79 0.016768910206906962
26 80 0.003311503763162536
26 81 0.0
26 82 0.0
26 83 0.0
26 84 0.0
26 85 0.0
26 86 0.0
26 87 0.0
26 88 0.0
26 89 0.0
26 90 0.009161165380802347
26 91 3.767233590347072E-13
26 92 0.025105951914390103
26 93 0.016304844652369074
26 94 0.033801454784479434
26 95 0.024673055713763863
26 96 0.027835727605368215
26 97 0.019751682618306395
26 98 0.010681212655897668
26 99 0.0018391395891880788
26 100 0.0
26 101 0.0
26 102 0.0
26 103 0.0
26 104 0.0
26 105 0.0
26 106 0.0
26 107 0.0
26 108 0.0
26 109 0.0
26 110 0.001471687009261226
26 111 6.330737212018966E-13
26 112 0.0019029823820196743
26 113 0.0042213747519251
26 114 0.002896593574388449
26 115 6.73284889653698E-5
26 116 0.005939656698464213
26 117 0.0020257667039431005
26 118 0.013005763844821158
26 119 0.007780649539092877
26 120 0.0021760708049047674
28 0 0.32631459148719827
28 1 0.0
28 2 0.3639837437885679
28 3 0.0
28 4 0.0
28 5 0.0
28 6 0.07904517206976674
28 7 7.408267160320431E-18
28 8 0.054294854585626814
28 9 0.0
28 10 0.0
28 11 0.0
28 12 0.08880258828801024
28 13 1.7779841184769034E-16
28 14 0.12513800008479167
28 15 0.02068802821237843
28 16 0.0
28 17 0.0
28 18 0.0
28 19 0.0
28 20 0.045590638893103934
28 21 1.9431702590162632E-16
28 22 0.08863420414524004
28 23 0.04056209506436793
28 24 0.011655649594365606
28 25 0.0
28 26 0.0
28 27 0.0
28 28 0.0
28 29 0.0
28 30 0.021163691328557575
28 31 8.473969634224782E-16
28 32 0.019337378513865203
28 33 0.006264047153626121
28 34 0.04016307050573639
28 35 0.010972480893586142
28 36 0.0
28 37 0.0
28 38 0.0
28 39 0.0
28 40 0.0
28 41 0.0
28 42 0.02457327793507594
28 43 1.1578872730758601E-14
28 44 0.060899989172490385
28 45 0.036029001745939586
28 46 0.05305676675684862
28 47 0.0300174419816327
28 48 0.004302043455772789
28 49 0.0
28 50 0.0
28 51 0.0
28 52 0.0
28 53 0.0
28 54 0.0
28 55 0.0
28 56 0.0031087424121262583
28 57 4.8685634770620266E-14
28 58 0.018301086811507068
28 59 0.01751678287049489
28 60 0.022203877088686527
28 61 0.020321465326904382
28 62 0.014846216739489274
28 63 0.0047713292617741305
28 64 0.0
28 65 0.0
28 66 0.0
28 67 0.0
28 68 0.0
28 69 0.0
28 70 0.0
28 71 0.0
28 72 0.008861617447383539
28 73 9.408735888518761E-14
28 74 0.026438641585299887
28 75 0.018790773528386293
28 76 0.023686263844636044
28 77 0.015699544979082762
28 78 0.025755883126782574
28 79 0.016798423253318966
28 80 0.003322988330402521
28 81 0.0
28 82 0.0
28 83 0.0
28 84 0.0
28 85 0.0
28 86 0.0
28 87 0.0
28 88 0.0
28 89 0.0
28 90 0.009157539218978541
28 91 5.701470050899342E-13
28 92 0.025069533220698968
28 93 0.01626685660798169
28 94 0.033783048578833616
28 95 0.024650652706782655
28 96 0.02783174186724376
28 97 0.019744442761440315
28 98 0.010700215037161887
28 99 0.001846190560565814
28 100 0.0
28 101 0.0
28 102 0.0
28 103 0.0
28 104 0.0
28 105 0.0
28 106 0.0
28 107 0.0
28 108 0.0
28 109 0.0
28 110 0.001450072606117063
28 111 1.8909827166302162E-12
28 112 0.001959236064175601
28 113 0.004255336740520312
28 114 0.0028115025661077965
28 115 1.2915089831206655E-4
28 116 0.005876280688618999
28 117 0.0019737380450546254
28 118 0.01301297124699136
28 119 0.0077997308912015305
28 120 0.0021852097277328987
30 0 0.32645965189157433
30 1 1.4140706227181668E-16
30 2 0.36403179475260544
30 3 3.909985109282585E-32
30 4 1.5043210565224657E-16
30 5 7.700113052524344E-18
30 6 0.07893164876861054
30 7 5.185787012224302E-17
30 8 0.05435118935808779
30 9 4.291324103644712E-17
30 10 7.005631821292709E-17
30 11 4.930500921604805E-17
30 12 0.08884311137874118
30 13 7.840173020853813E-17
30 14 0.12520151630209017
30 15 0.02071563054543033
30 16 8.930223384878547E-17
30 17 1.4532944015229674E-16
30 18 1.1412518347013522E-16
30 19 2.075143393681665E-17
30 20 0.045530419103668236
30 21 6.963771130701205E-16
30 22 0.08858189599120005
30 23 0.04057643203192958
30 24 0.011674659401293568
30 25 2.857711303435946E-16
30 26 1.972248123384963E-16
30 27 2.7063508592243344E-16
30 28 5.23684775032245E-17
30 29 2.518113771238453E-17
30 30 0.02119763753508966
30 31 3.762262055647729E-15
30 32 0.01943270440136692
30 33 0.006207380940993078
30 34 0.04020433456326945
30 35 0.01099363336332842
30 36 1.1289379911669518E-15
30 37 5.394258651865394E-16
30 38 8.838158290900321E-16
30 39 3.1739972683412137E-16
30 40 1.3690848999616268E-16
30 41 2.814502803441035E-17
30 42 0.02455708933615412
30 43 3.7083982869867284E-15
30 44 0.06090092436544242
30 45 0.03605771072128798
30 46 0.053065471036155755
30 47 0.03004362881329967
30 48 0.004311614147126513
30 49 3.289369986557261E-15
30 50 1.4495917157305829E-15
30 51 2.8703499723098816E-15
30 52 1.413669672985238E-15
30 53 7.243597457600632E-16
30 54 1.8594661033913533E-16
30 55 2.512663695817697E-17
30 56 0.0030870963941244957
30 57 2.620151505411912E-14
30 58 0.018230076772834905
30 59 0.017461407759820163
30 60 0.02214932554566087
30 61 0.020287337024276535
30 62 0.014866365689472218
30 63 0.0047833610431753815
30 64 8.750910534120756E-15
30 65 4.3831400050669905E-15
30 66 9.28809156536004E-15
30 67 7.910794399282258E-15
30 68 4.429129182949475E-15
30 69 1.098528960150529E-15
30 70 3.1308276352138865E-16
30 71 2.6783535704213824E-17
30 72 0.008870400603472679
30 73 1.7215918509921425E-13
30 74 0.026477918148351754
30 75 0.01882341531401628
30 76 0.023743926179380228
30 77 0.015752294269958347
30 78 0.02577855466366719
30 79 0.016822428434599114
30 80 0.0033323550691937384
30 81 2.7530233694259998E-14
30 82 1.798414616477328E-14
30 83 3.066751275408315E-14
30 84 4.476249926963756E-14
30 85 2.670210134678538E-14
30 86 5.6768184440271855E-15
30 87 2.5791481572416102E-15
30 88 3.4495695804103053E-16
30 89 5.0373638949981925E-17
30 90 0.009154569080280135
30 91 4.0594525681074797E-13
30 92 0.025039818066784802
30 93 0.01623590155628725
30 94 0.03376792063580749
30 95 0.024632284216589875
30 96 0.02782840158582643
30 97 0.01973845843733073
30 98 0.01071566361115596
30 99 0.0018519431871580315
30 100 1.0769728968983233E-13
30 101 8.120943131993951E-14
30 102 1.0026361398333899E-13
30 103 2.2124819355338889E-13
30 104 1.5202810997897544E-13
30 105 3.4037603728355654E-14
30 106 1.5606752677147612E-14
30 107 2.8595410418823118E-15
30 108 7.89183968543873E-16
30 109 7.36689029445405E-17
30 110 0.001432464726864396
30 111 1.934019656158441E-12
30 112 0.0020049429077387236
30 113 0.0042828845770101955
30 114 0.002742275545699199
30 115 1.7938698019707435E-4
30 116 0.00582479185207915
30 117 0.0019313974624255946
30 118 0.01301885261010529
30 119 0.00781526588288292
30 120 0.0021926682999562934
32 0 0.3265792265386776
32 1 2.747343664861041E-16
32 2 0.3640713402727222
32 3 1.4816534320640863E-17
32 4 2.492070212163138E-16
32 5 1.3686787609448644E-17
32 6 0.07883806576011085
32 7 5.342177421774264E-17
32 8 0.05439765174012236
32 9 1.2773763069909072E-16
32 10 1.0700990795932723E-16
32 11 1.0973987767682795E-16
32 12 0.08887643316015993
32 13 9.012545979447183E-17
32 14 0.12525383512937405
32 15 0.020738401858209184
32 16 1.6371834058363058E-16
32 17 1.910129865910736E-16
32 18 2.2677363362192273E-16
32 19 5.852771415972447E-17
32 20 0.04548077209334465
32 21 2.7758768152681007E-16
32 22 0.08853870259565605
32 23 0.04058821096481469
32 24 0.011690346308651671
32 25 2.1267993851816398E-16
32 26 2.7417362886537353E-16
32 27 3.32079691552917E-16
32 28 1.65438812371055E-16
32 29 3.805096763437974E-17
32 30 0.021225568304153963
32 31 2.385968126834946E-15
32 32 0.019511235147920594
32 33 0.006160631113220632
32 34 0.04023835058780895
32 35 0.011011093114743735
32 36 8.571155512307635E-16
32 37 4.4113596465411333E-16
32 38 1.0686184185815657E-15
32 39 6.735608806555151E-16
32 40 1.9940638539171594E-16
32 41 5.3400002910809765E-17
32 42 0.024543725767095532
32 43 8.393380339635194E-15
32 44 0.06090159815627087
32 45 0.036081282543444775
32 46 0.053072591097482434
32 47 0.03006519109849731
32 48 0.004319516158152394
32 49 2.2458173268592355E-15
32 50 1.209769635335209E-15
32 51 3.635242902044688E-15
32 52 2.1684186490626984E-15
32 53 1.121534898619633E-15
32 54 2.772722162734816E-16
32 55 2.949713546700289E-17
32 56 0.003069269167174091
32 57 3.028042906699335E-14
32 58 0.018171534278901513
32 59 0.017415723796262807
32 60 0.022104316469744978
32 61 0.020259130079367308
32 62 0.014882979372496215
32 63 0.00479329772992777
32 64 3.899854848692448E-15
32 65 6.584883353447685E-15
32 66 1.2470798558020542E-14
32 67 6.6427073461955715E-15
32 68 5.070211192800072E-15
32 69 1.4138725799574695E-15
32 70 2.5635452891756933E-16
32 71 2.795852928328957E-17
32 72 0.008877629528785378
32 73 1.906730562234889E-13
32 74 0.026510212453945043
32 75 0.01885022876246684
32 76 0.023791406344560933
32 77 0.01579572185951472
32 78 0.02579724241005192
32 79 0.01684221472528485
32 80 0.003340092867771399
32 81 1.6210100435206123E-15
32 82 2.345677426873587E-14
32 83 3.7306198038355904E-14
32 84 2.404749798133603E-14
32 85 2.0518079531082375E-14
32 86 6.552079586135141E-15
32 87 1.8804906165145556E-15
32 88 3.1273854470141323E-16
32 89 3.735124953053705E-17
32 90 0.009152106922742334
32 91 6.391725229673225E-13
32 92 0.025015262601173285
32 93 0.016210348810982763
32 94 0.033755345645402106
32 95 0.024617045361302412
32 96 0.027825581847718134
32 97 0.019733461295698623
32 98 0.010728392022650704
32 99 0.001856696676663751
32 100 3.338556352954948E-14
32 101 7.411098349738116E-14
32 102 9.185483948502534E-14
32 103 8.694619523557705E-14
32 104 8.244080723555721E-14
32 105 2.9382170663027807E-14
32 106 1.248242819218255E-14
32 107 2.6719181570132197E-15
32 108 6.94138574753765E-16
32 109 8.735701254115384E-17
32 110 0.0014179329828927323
32 111 9.194987847219478E-13
32 112 0.0020425841580124066
32 113 0.004305539727585641
32 114 0.002685204296635993
32 115 2.2076123463092578E-4
32 116 0.005782395070989281
32 117 0.001896483607633362
32 118 0.013023713468373341
32 119 0.007828080542275089
32 120 0.00219883310571267
34 0 0.3266789502371423
34 1 1.6118852523392618E-16
34 2 0.36410427695295156
34 3 4.6836690936399203E-32
34 4 1.7226206498518584E-16
34 5 1.4003278299035563E-17
34 6 0.0787600155554393
34 7 1.4816534320640863E-17
34 8 0.05443641811245456
34 9 4.178168875032068E-17
34 10 1.1299575525742197E-16
34 11 5.34210061454971E-17
34 12 0.0889041666016936
34 13 1.8565064291871544E-16
34 14 0.12529744192298617
34 15 0.020757405593392977
34 16 1.6845703162875487E-16
34 17 3.2922402085211263E-16
34 18 1.2278713519094104E-16
34 19 4.082520858656786E-17
34 20 0.04543936216377608
34 21 1.1572083237584508E-16
34 22 0.08850262788307987
34 23 0.04059800733168077
34 24 0.011703440703799665
34 25 5.711945852690735E-16
34 26 7.484000461763063E-16
34 27 6.392638203130951E-16
34 28 2.4464358121054563E-16
34 29 3.047528218990405E-17
34 30 0.02124882669827392
34 31 1.8565064291871543E-15
34 32 0.019576696028509685
34 33 0.006121615254060238
34 34 0.04026672063838602
34 35 0.011025670625668496
34 36 1.0465895601041383E-15
34 37 1.6290683954852303E-15
34 38 2.7677623880728154E-15
34 39 1.447913946152475E-15
34 40 2.457940667689718E-16
34 41 2.866208989852716E-17
34 42 0.024532567521629897
34 43 3.0629758080737104E-15
34 44 0.060902093053295074
34 45 0.03610087663904456
34 46 0.053078491141218584
34 47 0.030083157270665503
34 48 0.004326115189005862
34 49 3.4102987719548935E-16
34 50 2.71527398100035E-15
34 51 9.516694899052386E-15
34 52 6.5712060463349274E-15
34 53 1.4085556246594022E-15
34 54 3.5483235757783825E-16
34 55 3.461248404176384E-17
34 56 0.003054412411736316
34 57 2.26322889117787E-14
34 58 0.01812270497431402
34 59 0.017377598051612587
34 60 0.022066750712671356
34 61 0.02023555429481119
34 62 0.014896838210267938
34 63 0.004801597791883916
34 64 7.951479248955972E-15
34 65 3.672625018175374E-15
34 66 2.976772711123636E-14
34 67 2.289051295545579E-14
34 68 6.128635114887555E-15
34 69 2.564222991218696E-15
34 70 4.0780094899821456E-16
34 71 4.013534537897895E-17
34 72 0.008883650704090855
34 73 7.212314527456412E-14
34 74 0.02653708897512674
34 75 0.01887252623192589
34 76 0.02383096857227903
34 77 0.01583190233315913
34 78 0.025812827315568207
34 79 0.016858715208663062
34 80 0.0033465576568822244
34 81 3.734514557418169E-14
34 82 1.0234161820387968E-14
34 83 9.156360132711598E-14
34 84 6.548243113747026E-14
34 85 2.1643074166623063E-14
34 86 1.157567470037583E-14
34 87 2.5043834076313505E-15
34 88 4.699592737177636E-16
34 89 3.814318108003009E-17
34 90 0.00915004392515217
34 91 5.08015708177688E-13
34 92 0.024994741620145304
34 93 0.016189013262087
34 94 0.03374478581513996
34 95 0.024604269087790762
34 96 0.027823184321115853
34 97 0.019729249348291653
34 98 0.010739003156062514
34 99 0.0018606690191689688
34 100 1.1510199962972982E-13
34 101 4.7316608639927424E-14
34 102 2.968797406827597E-13
34 103 1.7602670055135384E-13
34 104 7.124603384735792E-14
34 105 4.0106814226968414E-14
34 106 1.3516913335550762E-14
34 107 3.9181720675207545E-15
34 108 7.075199152784142E-16
34 109 5.383683131804193E-17
34 110 0.0014058017001713908
34 111 1.138046914079832E-12
34 112 0.0020739519689424108
34 113 0.004324397318581147
34 114 0.002637603118913173
34 115 2.5524195614034574E-4
34 116 0.005747070165804099
34 117 0.0018673576774569053
34 118 0.013027776358914826
34 119 0.007838774010444829
34 120 0.0022039859942777373
36 0 0.3267629832572609
36 1 7.58018291072089E-17
36 2 0.3641320004245317
36 3 1.1905208073057863E-32
36 4 8.391048793480957E-17
36 5 6.132256662879875E-18
36 6 0.07869424366092709
36 7 7.938332112048462E-33
36 8 0.05446909717728965
36 9 4.611959674478038E-17
36 10 2.5915172889942707E-17
36 11 2.9026109627056446E-17
36 12 0.08892749655160313
36 13 1.5468915970728333E-16
36 14 0.12533416887555612
36 15 0.02077342826226741
36 16 1.8313207123933482E-16
36 17 1.150321620680279E-16
36 18 7.2458653785108E-17
36 19 1.491916288644242E-17
36 20 0.04540446426080973
36 21 9.238676484757677E-16
36 22 0.08847219254773443
36 23 0.04060624315580582
36 24 0.011714483085622054
36 25 7.380325367597965E-16
36 26 5.461953006186145E-16
36 27 1.6080532818754032E-16
36 28 4.78853671274265E-17
36 29 1.0274078543649646E-17
36 30 0.02126840052664046
36 31 2.451364147677196E-15
36 32 0.019631834037768275
36 33 0.006088719111056174
36 34 0.04029062768203146
36 35 0.011037966010399495
36 36 2.5777400816136236E-15
36 37 1.8066585515981233E-15
36 38 5.975347567599177E-16
36 39 3.0035090281038953E-16
36 40 8.991605609147514E-17
36 41 1.8344935882817966E-17
36 42 0.024523155630087112
36 43 4.881187994368261E-15
36 44 0.060902462790007286
36 45 0.03611734220114042
36 46 0.053083436027869135
36 47 0.030098284932094824
36 48 0.004331682177645142
36 49 7.375518026410632E-15
36 50 4.513863552996426E-15
36 51 2.2771261475433162E-15
36 52 1.4132351256880543E-15
36 53 6.096798061755516E-16
36 54 1.6640231638117803E-16
36 55 1.817844036574241E-17
36 56 0.0030419009555108954
36 57 3.552414196793869E-14
36 58 0.018081554619755878
36 59 0.017345452872025283
36 60 0.022035075330497936
36 61 0.020215651579448393
36 62 0.014908518757358238
36 63 0.00480860109524364
36 64 1.8495299786765622E-14
36 65 1.013105216237927E-14
36 66 6.9333153289748315E-15
36 67 5.151568724971711E-15
36 68 3.0311830653417025E-15
36 69 1.1208751056147848E-15
36 70 2.6587179449910763E-16
36 71 2.733247547285402E-17
36 72 0.008888719107769404
36 73 1.454578407283224E-13
36 74 0.026559696790224116
36 75 0.018891269776964318
36 76 0.02386428083645715
36 77 0.015862363499375746
36 78 0.02582595975904825
36 79 0.016872618724696805
36 80 0.0033520134437380225
36 81 3.807649873886024E-14
36 82 2.520866082042203E-14
36 83 1.8220307799472512E-14
36 84 1.8848358947153613E-14
36 85 1.3813546625785158E-14
36 86 5.8140495280121186E-15
36 87 2.049991750899497E-15
36 88 4.373694841518973E-16
36 89 4.968456094210275E-17
36 90 0.009148298737863627
36 91 9.345407467646416E-13
36 92 0.0249774198218712
36 93 0.01617101717998529
36 94 0.03373583634676183
36 95 0.024593455640062215
36 96 0.027821131571895065
36 97 0.019725668754551007
36 98 0.010747941722696506
36 99 0.0018640220005982507
36 100 1.4330681175914206E-14
36 101 6.141355854491638E-14
36 102 9.682332700990124E-14
36 103 1.0700892364504889E-13
36 104 5.873270152110645E-14
36 105 2.506280382293671E-14
36 106 1.132100284375109E-14
36 107 3.644174457060403E-15
36 108 8.529792405005422E-16
36 109 9.126490517029736E-17
36 110 0.00139557073818296
36 111 1.7033722293997819E-12
36 112 0.0021003669794720375
36 113 0.004340262039277543
36 114 0.00259748851140778
36 115 2.842798044992442E-4
36 116 0.0057173279854049385
36 117 0.0018428087392867438
36 118 0.01303120643272455
36 119 0.007847789321472535
36 120 0.002208336268547042
38 0 0.326834451017717
38 1 1.414542117384325E-16
38 2 0.36415555623303825
38 3 3.910350462695943E-32
38 4 1.2249229821008217E-16
38 5 7.98913621515476E-18
38 6 0.07863830489647414
38 7 7.408267160320431E-18
38 8 0.0544968986373235
38 9 1.0442904743939612E-16
38 10 6.571862164754511E-17
38 11 6.10678625590333E-17
38 12 0.08894730934541535
38 13 1.0371574024448603E-16
38 14 0.1253653906747858
38 15 0.020787061585544518
38 16 2.264480540241354E-16
38 17 1.1283450824403966E-16
38 18 1.6406607552598286E-16
38 19 4.056271956962967E-17
38 20 0.04537478207910084
38 21 6.2563682434527545E-16
38 22 0.08844628176239297
38 23 0.04061323368627063
38 24 0.011723880286839359
38 25 4.851026699729073E-16
38 26 6.316515960403941E-16
38 27 3.681849880059195E-16
38 28 1.7005575674059836E-16
38 29 2.3554794625987676E-17
38 30 0.02128502950328744
38 31 1.6554783722252947E-15
38 32 0.01967871070025534
38 33 0.0060607281329363395
38 34 0.040310960512585856
38 35 0.01104843119225305
38 36 1.4063728241379532E-15
38 37 2.6818308149576803E-15
38 38 1.1225653308172688E-15
38 39 6.630851464442338E-16
38 40 1.9182967612057005E-16
38 41 2.7003365034543654E-17
38 42 0.024515144394957042
38 43 6.564978805538661E-15
38 44 0.0609027432293015
38 45 0.03613131289398591
38 46 0.05308762219944989
38 47 0.03011114215510663
38 48 0.004336421255922236
38 49 4.060035092375131E-15
38 50 9.027970249718812E-15
38 51 3.786882653371534E-15
38 52 3.0144377159917636E-15
38 53 1.150195229565546E-15
38 54 3.1894061258646216E-16
38 55 3.60097232564542E-17
38 56 0.0030312658633072
38 57 1.0200363395972383E-14
38 58 0.018046554582178742
38 59 0.017318101249218416
38 60 0.02200812172263078
38 61 0.02019869870264212
38 62 0.014918454374804097
38 63 0.004814563828424819
38 64 1.185732374834491E-14
38 65 2.860837684267291E-14
38 66 1.4414136201742485E-14
38 67 1.1937406954875084E-14
38 68 6.409438385501367E-15
38 69 2.7976085950375068E-15
38 70 5.269893792678457E-16
38 71 4.6735732985494454E-17
38 72 0.008893025774577356
38 73 4.3600667682883815E-14
38 74 0.02657889537792674
38 75 0.018907177824441818
38 76 0.023892593849983233
38 77 0.015888250669559758
38 78 0.02583712831377255
38 79 0.016884442716941252
38 80 0.003356659331589393
38 81 2.9273335076832676E-14
38 82 8.397092039331727E-14
38 83 6.015099794856133E-14
38 84 3.0576656656138456E-14
38 85 2.7996502316464135E-14
38 86 1.69931433746944E-14
38 87 4.7562353451786015E-15
38 88 7.027199462644156E-16
38 89 4.361469109182638E-17
38 90 0.009146809613790271
38 91 4.2269034678036475E-13
38 92 0.024962666831771636
38 93 0.016155699462405297
38 94 0.033728188280778136
38 95 0.024584225029925598
38 96 0.027819362383369923
38 97 0.01972260098082373
38 98 0.010755541551566817
38 99 0.001866877692594471
38 100 3.619066174929236E-14
38 101 2.1097067627125492E-13
38 102 2.4770363521080565E-13
38 103 4.915208442681566E-14
38 104 8.988947961870027E-14
38 105 7.566865084470264E-14
38 106 2.876136081828841E-14
38 107 5.8994809508140595E-15
38 108 7.655185922374221E-16
38 109 6.045494889825578E-17
38 110 0.001386863510898129
38 111 1.0209005487604516E-12
38 112 0.0021228197157295917
38 113 0.004353735981767589
38 114 0.002563370000975298
38 115 3.0896296639362124E-4
38 116 0.005692051457992767
38 117 0.0018219264763964205
38 118 0.013034128309205487
38 119 0.00785545972991654
38 120 0.002212041930034867
40 0 0.32689573815109574
40 1 0.0
40 2 0.3641757402226979
40 3 0.0
40 4 0.0
40 5 0.0
40 6 0.07859033349288984
40 7 2.2224801480961293E-17
40 8 0.05452074621886526
40 9 0.0
40 10 0.0
40 11 0.0
40 12 0.08896427880134761
40 13 1.5037140019065142E-16
40 14 0.1253921550477535
40 15 0.02079875758319866
40 16 0.0
40 17 0.0
40 18 0.0
40 19 0.0
40 20 0.04534932633989955
40 21 2.0530392188350396E-16
40 22 0.0884240426878922
40 23 0.040619218291017056
40 24 0.011731943216421282
40 25 0.0
40 26 0.0
40 27 0.0
40 28 0.0
40 29 0.0
40 30 0.02129927648207507
40 31 2.000396754671371E-15
40 32 0.019718897518965155
40 33 0.006036714460972083
40 34 0.04032839731551186
40 35 0.011057411679923013
40 36 0.0
40 37 0.0
40 38 0.0
40 39 0.0
40 40 0.0
40 41 0.0
40 42 0.024508269481627844
40 43 6.097287414850701E-15
40 44 0.06090295883497317
40 45 0.036143269420067486
40 46 0.053091197902659516
40 47 0.030122161668190147
40 48 0.004340488552340175
40 49 0.0
40 50 0.0
40 51 0.0
40 52 0.0
40 53 0.0
40 54 0.0
40 55 0.0
40 56 0.0030221498155471194
40 57 1.430847686159693E-14
40 58 0.018016538290394738
40 59 0.017294636375795175
40 60 0.021984997019922507
40 61 0.020184141625728746
40 62 0.014926975850789554
40 63 0.0048196820150618585
40 64 0.0
40 65 0.0
40 66 0.0
40 67 0.0
40 68 0.0
40 69 0.0
40 70 0.0
40 71 0.0
40 72 0.008896716126978085
40 73 4.202683777039159E-14
40 74 0.026595338073482137
40 75 0.018920795734904985
40 76 0.023916860357893685
40 77 0.01591043609938226
40 78 0.025846705734141807
40 79 0.01689458194919993
40 80 0.0033606477275225552
40 81 0.0
40 82 0.0
40 83 0.0
40 84 0.0
40 85 0.0
40 86 0.0
40 87 0.0
40 88 0.0
40 89 0.0
40 90 0.009145529031348819
40 91 3.791323869501764E-13
40 92 0.02494999985921171
40 93 0.0161425546065402
40 94 0.033721602759112235
40 95 0.024576284413294826
40 96 0.027817828082678808
40 97 0.019719953679247802
40 98 0.010762057175625929
40 99 0.0018693295753946719
40 100 0.0
40 101 0.0
40 102 0.0
40 103 0.0
40 104 0.0
40 105 0.0
40 106 0.0
40 107 0.0
40 108 0.0
40 109 0.0
40 110 0.0013793921960736756
40 111 1.8890832397505384E-12
40 112 0.002142064884115444
40 113 0.004365276953797185
40 114 0.0025341101637998214
40 115 3.3012065643995593E-4
40 116 0.005670389441930777
40 117 0.0018040159572720387
40 118 0.01303663743323616
40 119 0.007862039773934279
40 120 0.002215224023169128
42 0 0.32694868954373163
42 1 2.0752651697535083E-16
42 2 0.36419316685978653
42 3 9.100317423175437E-32
42 4 2.0518560521078426E-16
42 5 4.6569779564825E-18
42 6 0.07854888589162635
42 7 7.408267160320431E-18
42 8 0.05454135506143856
42 9 7.949523031775487E-17
42 10 8.342403576979407E-17
42 11 7.860077818191925E-17
42 12 0.08897892461630474
42 13 1.2127856027100097E-16
42 14 0.12541527182730153
42 15 0.020808866325424072
42 16 1.8051576992342783E-16
42 17 1.6677488921998918E-16
42 18 1.7038273082656241E-16
42 19 3.46400376006002E-17
42 20 0.04532733153591052
42 21 1.2916755159435116E-16
42 22 0.08840481403905392
42 23 0.04062438139169322
42 24 0.011738912743448803
42 25 2.757455545222866E-16
42 26 2.4613528025814483E-16
42 27 1.9083760621274902E-16
42 28 6.805959702560937E-17
42 29 3.5111590855687694E-17
42 30 0.0213115759082375
42 31 2.83843964113781E-16
42 32 0.019753609372234793
42 33 0.006015959475519934
42 34 0.0403434628075957
42 35 0.01106517524058213
42 36 4.5589729414562515E-16
42 37 7.719093948320885E-16
42 38 5.057335969582887E-16
42 39 2.1119544052320992E-16
42 40 1.6612728888682035E-16
42 41 4.155913633030408E-17
42 42 0.02450232600799225
42 43 1.994021497412674E-15
42 44 0.06090312662412604
42 45 0.03615358184927059
42 46 0.05309427675114377
42 47 0.030131677791082917
42 48 0.0043440051075788935
42 49 8.134137835768121E-16
42 50 3.0709274224819296E-15
42 51 2.6634530664047997E-15
42 52 7.344194007848141E-16
42 53 6.169695070103217E-16
42 54 2.5092311586113203E-16
42 55 3.858419949631261E-17
42 56 0.003014276679211521
42 57 2.942220513497407E-14
42 58 0.01799060305309723
42 59 0.01727435594569249
42 60 0.021965009626217134
42 61 0.0201715502452764
42 62 0.014934339195027204
42 63 0.004824107677930489
42 64 8.557794929718168E-15
42 65 1.3487518228637549E-14
42 66 1.2277804558753669E-14
42 67 5.07467577527245E-15
42 68 2.5599447921244555E-15
42 69 1.4193529877690216E-15
42 70 4.368250237740462E-16
42 71 3.842615687143893E-17
42 72 0.00889990245031329
42 73 5.3541001851672694E-14
42 74 0.026609528730618948
42 75 0.018932543594814416
42 76 0.02393781645071765
42 77 0.015929593558895106
42 78 0.025854980392314257
42 79 0.01690334180794674
42 80 0.003364096869435625
42 81 4.88805553106933E-14
42 82 5.648196976332487E-14
42 83 4.882348663089257E-14
42 84 2.4823957903154663E-14
42 85 9.895276168118042E-15
42 86 6.764265657902373E-15
42 87 2.692775601768872E-15
42 88 5.238331132402527E-16
42 89 5.637017534214519E-17
42 90 0.009144419953258317
42 91 2.136351008852072E-13
42 92 0.02493904418696086
42 93 0.016131190808328807
42 94 0.03371589292768675
42 95 0.024569405308053165
42 96 0.027816489715088134
42 97 0.01971765414469828
42 98 0.010767685400768877
42 99 0.0018714501965777011
42 100 2.1684865501371866E-13
42 101 2.1705912702641172E-13
42 102 1.7867129643301628E-13
42 103 9.614835196156081E-14
42 104 3.667089540843026E-14
42 105 2.6177629915108724E-14
42 106 1.1616205847963882E-14
42 107 4.44806080194665E-15
42 108 1.0181317759321067E-15
42 109 8.609371225833919E-17
42 110 0.0013729337553777911
42 111 4.3315666017431843E-13
42 112 0.0021586856695521403
42 113 0.004375238112215486
42 114 0.0025088288809485405
42 115 3.4839370163246964E-4
42 116 0.005651684264395087
42 117 0.0017885392993984024
42 118 0.013038807890494703
42 119 0.007867726556841679
42 120 0.0022179765202308137
44 0 0.3269947505117044
44 1 0.0
44 2 0.36420831669068576
44 3 0.0
44 4 0.0
44 5 0.0
44 6 0.07851283112122771
44 7 7.408267160320431E-18
44 8 0.05455928574954918
44 9 0.0
44 10 0.0
44 11 0.0
44 12 0.08899165284864959
44 13 9.252922717560335E-17
44 14 0.12543537494635118
44 15 0.020817662307122294
44 16 0.0
44 17 0.0
44 18 0.0
44 19 0.0
44 20 0.0453081978585394
44 21 2.465962772004067E-16
44 22 0.08838807675773278
44 23 0.04062886695033412
44 24 0.011744977792837306
44 25 0.0
44 26 0.0
44 27 0.0
44 28 0.0
44 29 0.0
44 30 0.021322267454017562
44 31 6.930591317723952E-16
44 32 0.019783797392919328
44 33 0.005997899676577549
44 34 0.04035656808361194
44 35 0.011071931959085525
44 36 0.0
44 37 0.0
44 38 0.0
44 39 0.0
44 40 0.0
44 41 0.0
44 42 0.024497153212404473
44 43 1.2361927481602934E-14
44 44 0.0609032586442254
44 45 0.03616253886879713
44 46 0.05309694702558889
44 47 0.03013995212242238
44 48 0.0043470659160804994
44 49 0.0
44 50 0.0
44 51 0.0
44 52 0.0
44 53 0.0
44 54 0.0
44 55 0.0
44 56 0.003007430335492941
44 57 3.43072748908129E-14
44 58 0.017968041576309136
44 59 0.017256709259335708
44 60 0.021947617180711705
44 61 0.020160586623391662
44 62 0.014940745032498724
44 63 0.004827960162278224
44 64 0.0
44 65 0.0
44 66 0.0
44 67 0.0
44 68 0.0
44 69 0.0
44 70 0.0
44 71 0.0
44 72 0.008902672565676952
44 73 4.377742083646688E-14
44 74 0.026621860996011208
44 75 0.018942749271631955
44 76 0.023956038115404112
44 77 0.015946250177393866
44 78 0.02586217819605376
44 79 0.01691096152036062
44 80 0.0033670996075623794
44 81 0.0
44 82 0.0
44 83 0.0
44 84 0.0
44 85 0.0
44 86 0.0
44 87 0.0
44 88 0.0
44 89 0.0
44 90 0.009143453183597836
44 91 8.413642300512016E-14
44 92 0.02492950545241894
44 93 0.016121300645019272
44 94 0.03371091101495942
44 95 0.024563407426475968
44 96 0.02781531588720246
44 97 0.01971564457036742
44 98 0.01077258032962326
44 99 0.00187329654359769
44 100 0.0
44 101 0.0
44 102 0.0
44 103 0.0
44 104 0.0
44 105 0.0
44 106 0.0
44 107 0.0
44 108 0.0
44 109 0.0
44 110 0.001367313267953739
44 111 1.474771726738325E-12
44 112 0.0021731384772988565
44 113 0.004383895427959823
44 114 0.002486836561657338
44 115 3.642836663092756E-4
44 116 0.005635421274813543
44 117 0.0017750749545760562
44 118 0.01304069788821847
44 119 0.007872674612346997
44 120 0.0022203732603085433
46 0 0.3270350662866578
46 1 0.0
46 2 0.3642215699138957
46 3 0.0
46 4 0.0
46 5 0.0
46 6 0.07848127298633292
46 7 0.0
46 8 0.05457498270366465
46 9 0.0
46 10 0.0
46 11 0.0
46 12 0.08900278450733676
46 13 3.9200865104269064E-17
46 14 0.12545296637091996
46 15 0.020825363198356248
46 16 0.0
46 17 0.0
46 18 0.0
46 19 0.0
46 20 0.04529144996894392
46 21 3.0831210721597925E-16
46 22 0.08837341887299952
46 23 0.04063278868361384
46 24 0.01175028821752771
46 25 0.0
46 26 0.0
46 27 0.0
46 28 0.0
46 29 0.0
46 30 0.02133161980107188
46 31 9.225598112415925E-16
46 32 0.019810214805663782
46 33 0.005982088204649425
46 34 0.04036803889970584
46 35 0.011077848515071036
46 36 0.0
46 37 0.0
46 38 0.0
46 39 0.0
46 40 0.0
46 41 0.0
46 42 0.024492623537958044
46 43 9.569416725449006E-15
46 44 0.060903363561191005
46 45 0.036170368381431686
46 46 0.053099278179081374
46 47 0.030147191730667856
46 48 0.004349746365098853
46 49 0.0
46 50 0.0
46 51 0.0
46 52 0.0
46 53 0.0
46 54 0.0
46 55 0.0
46 56 0.0030014396807046158
46 57 5.373789303521377E-14
46 58 0.017948293343745533
46 59 0.017241259614591588
46 60 0.02193238955241583
46 61 0.020150982309868084
46 62 0.014946352376033041
46 63 0.004831334204517777
46 64 0.0
46 65 0.0
46 66 0.0
46 67 0.0
46 68 0.0
46 69 0.0
46 70 0.0
46 71 0.0
46 72 0.008905095959128575
46 73 3.950384814028727E-14
46 74 0.026632646045153807
46 75 0.018951671710894586
46 76 0.023971981282970557
46 77 0.015960823147410586
46 78 0.02586847814334197
46 79 0.016917630631088566
46 80 0.0033697296655896083
46 81 0.0
46 82 0.0
46 83 0.0
46 84 0.0
46 85 0.0
46 86 0.0
46 87 0.0
46 88 0.0
46 89 0.0
46 90 0.009142605458945071
46 91 4.0055387512853557E-13
46 92 0.024921149850413875
46 93 0.01611264019049152
46 94 0.033706538979482996
46 95 0.02455814702947669
46 96 0.02781428112229864
46 97 0.01971387856941419
46 98 0.01077686401471475
46 99 0.0018749138765738979
46 100 0.0
46 101 0.0
46 102 0.0
46 103 0.0
46 104 0.0
46 105 0.0
46 106 0.0
46 107 0.0
46 108 0.0
46 109 0.0
46 110 0.0013623919219643002
46 111 2.0106148826809448E-12
46 112 0.002185784656332923
46 113 0.004391467090131577
46 114 0.002467586731807695
46 115 3.7818765174023734E-4
46 116 0.00562119309573778
46 117 0.0017632887889176805
46 118 0.013042353664786378
46 119 0.007877006470740466
46 120 0.002222472902491924
48 0 0.32707055376765226
48 1 0.0
48 2 0.3642332305245626
48 3 0.0
48 4 0.0
48 5 0.0
48 6 0.07845349394285146
48 7 2.2224801480961293E-17
48 8 0.05458880189594241
48 9 0.0
48 10 0.0
48 11 0.0
48 12 0.08901257608253449
48 13 1.4816534320640863E-17
48 14 0.12546844774480576
48 15 0.020832143387593222
48 16 0.0
48 17 0.0
48 18 0.0
48 19 0.0
48 20 0.04527670725430786
48 21 9.606783091706397E-16
48 22 0.08836051007552877
48 23 0.040636237387641175
48 24 0.011754964100520016
48 25 0.0
48 26 0.0
48 27 0.0
48 28 0.0
48 29 0.0
48 30 0.021339847737200907
48 31 2.0916517820985562E-15
48 32 0.019833464360010322
48 33 0.005968167045446815
48 34 0.04037813607416755
48 35 0.011083058505361796
48 36 0.0
48 37 0.0
48 38 0.0
48 39 0.0
48 40 0.0
48 41 0.0
48 42 0.024488634738459553
48 43 6.260998277882899E-15
48 44 0.06090344769959135
48 45 0.03617725226114524
48 46 0.05310132546961981
48 47 0.03015356224872708
48 48 0.004352106892476662
48 49 0.0
48 50 0.0
48 51 0.0
48 52 0.0
48 53 0.0
48 54 0.0
48 55 0.0
48 56 0.002996167825598668
48 57 1.8197720291176576E-14
48 58 0.01793090954136501
48 59 0.017227657140523833
48 60 0.02191898210505243
48 61 0.020142521905281575
48 62 0.014951288564681838
48 63 0.004834305771747676
48 64 0.0
48 65 0.0
48 66 0.0
48 67 0.0
48 68 0.0
48 69 0.0
48 70 0.0
48 71 0.0
48 72 0.00890722819177083
48 73 5.396931931109643E-14
48 74 0.02664213249479317
48 75 0.01895951764062636
48 76 0.023986010656378797
48 77 0.015973646139230923
48 78 0.02587402354017453
48 79 0.016923500884630457
48 80 0.003372046174261323
48 81 0.0
48 82 0.0
48 83 0.0
48 84 0.0
48 85 0.0
48 86 0.0
48 87 0.0
48 88 0.0
48 89 0.0
48 90 0.009141858067917782
48 91 4.821428997950706E-13
48 92 0.024913789808888826
48 93 0.01610501392794706
48 94 0.03370268165136559
48 95 0.024553508420113227
48 96 0.027813364602999047
48 97 0.019712318597108255
48 98 0.010780634135763424
48 99 0.0018763385049683325
48 100 0.0
48 101 0.0
48 102 0.0
48 103 0.0
48 104 0.0
48 105 0.0
48 106 0.0
48 107 0.0
48 108 0.0
48 109 0.0
48 110 0.0013580585029262574
48 111 1.5528784212452606E-12
48 112 0.0021969132506178962
48 113 0.004398127469533882
48 114 0.0024506418281695043
48 115 3.904233581068908E-4
48 116 0.0056086738750950405
48 117 0.0017529132119915704
48 118 0.013043812321923344
48 119 0.00788082028946717
48 120 0.0022243225160429696
