0 0 0.322795315014839
0 1 3.8899285566203605E-16
0 2 0.36356434570365315
0 3 0.05363630864766163
0 4 3.3950207496047897E-16
0 5 1.3504449343647843E-16
0 6 0.08101773399728907
0 7 0.08479291895929308
0 8 0.04021424419254454
0 9 1.1010782178051537E-16
0 10 3.241540141074152E-16
0 11 1.4251530011719786E-16
0 12 0.08787416680081532
0 13 0.011799087592527641
0 14 0.09275033261934844
0 15 0.015076479470790572
0 16 3.7909468297890356E-16
0 17 3.960582730727423E-16
0 18 2.8333033773644E-16
0 19 6.319536963313493E-17
0 20 0.04565980090426966
0 21 0.056574226180334614
0 22 0.058427463136458135
0 23 0.04187239439460267
0 24 0.009368025724725483
0 25 1.1050832151731108E-15
0 26 4.273387802064212E-16
0 27 1.6281742179897848E-16
0 28 1.98104382833129E-16
0 29 7.352592866186017E-17
0 30 0.017961074509551426
0 31 0.02470023437651787
0 32 0.027983368757942655
0 33 0.032355585433306834
0 34 0.030828801281296718
0 35 0.005415432417581779
0 36 1.8937537178902457E-15
0 37 1.0462513205221848E-15
0 38 4.1618791638802294E-16
0 39 4.2288265354198605E-16
0 40 3.1810840848508073E-16
0 41 6.143641345023113E-17
0 42 0.024864219735738432
0 43 0.02958704375926363
0 44 0.04323417925146409
0 45 0.017626267521440666
0 46 0.03326148487072674
0 47 0.020919163159244383
0 48 0.0027355679176235682
0 49 2.6823255850305983E-15
0 50 2.2640737790945035E-15
0 51 1.313793874233526E-15
0 52 1.642162749944894E-15
0 53 8.809908512638028E-16
0 54 4.284775875837498E-16
0 55 2.1699075233975713E-17
0 56 0.007997775612005108
0 57 0.025196906260991792
0 58 0.003122566691772249
0 59 0.03531517232222295
0 60 0.0032365578943746834
0 61 0.02771990323244122
0 62 0.011455870435147295
0 63 0.0022182463258786397
0 64 1.8724380057654306E-15
0 65 3.846844133830193E-15
0 66 3.546999883986889E-15
0 67 6.830015873543702E-15
0 68 2.820526207529001E-15
0 69 2.023655426458588E-15
0 70 2.276294937041302E-16
0 71 3.0864005500122E-17
0 72 0.011036358494767083
0 73 0.007734235819873906
0 74 0.021701824936072558
0 75 0.0020686544077979283
0 76 0.024329029399018213
0 77 0.0053009593952220305
0 78 0.01771493394390898
0 79 0.010949568162915983
0 80 0.0011918338716199895
0 81 3.550679207981271E-14
0 82 1.1294283304771852E-14
0 83 2.251386162362828E-14
0 84 2.288625780671857E-14
0 85 1.0546513297083128E-14
0 86 8.038921373515323E-15
0 87 1.820770496017817E-15
0 88 5.355934000948278E-16
0 89 4.351729886041191E-17
0 90 0.013509625766207635
0 91 0.019740726217030786
0 92 0.006369833208988376
0 93 0.02691121312906288
0 94 0.009179444705131462
0 95 0.024733358499117414
0 96 0.011712998892656342
0 97 0.020753105982741365
0 98 0.006050519936534419
0 99 0.001201795708057588
0 100 1.847524004982177E-13
0 101 6.155729806908562E-14
0 102 9.727648414523443E-14
0 103 6.957670379943512E-14
0 104 3.928073516109788E-14
0 105 2.639052601691899E-14
0 106 1.0029718055734392E-14
0 107 5.190123616286794E-15
0 108 7.376865630982541E-16
0 109 4.8107575380762623E-17
0 110 0.002044278923062496
0 111 0.006051519594363633
0 112 0.0061256162438790875
0 113 0.008581493439964028
0 114 0.011614032003206575
0 115 0.014778493619182804
0 116 0.01688842167710474
0 117 0.01579656317931736
0 118 0.012314071263795447
0 119 0.006800161839507089
0 120 5.417667375898247E-4
6 0 0.318105655903951
6 1 4.557533792948607E-16
6 2 0.35825955851206315
6 3 0.05171260823904025
6 4 0.0011037879253352318
6 5 0.00813444164218639
6 6 0.08151869123154991
6 7 0.08297925011518655
6 8 0.039812502872832285
6 9 0.002187828182504004
6 10 0.01836894859514406
6 11 0.006303412212422091
6 12 0.08315539065159626
6 13 0.015609140460820514
6 14 0.09047499440505209
6 15 0.014379154251944732
6 16 0.0011692521739543025
6 17 0.014361920525993247
6 18 0.014191544485047608
6 19 0.0027095711084428576
6 20 0.042866919007961767
6 21 0.05085483774152707
6 22 0.055859841672414264
6 23 0.0399019342951152
6 24 0.009636702865420597
6 25 0.001048894589643489
6 26 0.00545887432673752
6 27 0.012978522963888458
6 28 0.0084099777558984
6 29 0.0025078843629739293
6 30 0.017269125581200702
6 31 0.024780888508388263
6 32 0.028141397645905227
6 33 0.0317347561644742
6 34 0.030431196541900414
6 35 0.004891076952346294
6 36 0.0018523525608555621
6 37 0.011269855344886
6 38 0.015596867383051907
6 39 0.011666373659263372
6 40 0.008114093065627976
6 41 9.001738771065107E-4
6 42 0.022065830417819787
6 43 0.02430112841111465
6 44 0.039414203023867354
6 45 0.014494769585417674
6 46 0.03053357972009652
6 47 0.018894486696248956
6 48 0.003105969002644245
6 49 0.001452335736299171
6 50 0.007602883201838683
6 51 0.008940899299847078
6 52 0.009265852517009772
6 53 0.009225036537159469
6 54 0.0033621131085819125
6 55 0.001167541144493477
6 56 0.0050803596984811345
6 57 0.022366524199831865
6 58 0.010261352347035593
6 59 0.03195939334978082
6 60 0.008748368081543252
6 61 0.02545847777581174
6 62 0.012290748026910422
6 63 0.0019548674072559433
6 64 0.0011561446713474514
6 65 0.0050608937631980684
6 66 0.006343732152065128
6 67 0.0064129420553389795
6 68 0.007894956653946851
6 69 0.006260227967363475
6 70 0.004967524170344454
6 71 5.957852339658903E-4
6 72 0.010387497319286938
6 73 0.005878242079076816
6 74 0.020621157061761364
6 75 0.004834284056359627
6 76 0.023964653340463493
6 77 0.007440718469028057
6 78 0.017101170952093438
6 79 0.009549394820448032
6 80 0.0013245082525184504
6 81 0.0018527005354621337
6 82 0.009330549397872983
6 83 0.00812166059008991
6 84 0.009713317498385145
6 85 0.011003196390900498
6 86 0.00853023107608028
6 87 0.008147666837552301
6 88 0.0025480439824781135
6 89 4.691349185856491E-4
6 90 0.009823351845007239
6 91 0.01657956612505542
6 92 0.006039982315548625
6 93 0.02295819051680187
6 94 0.008486680153439634
6 95 0.021371548854006498
6 96 0.00918106552663204
6 97 0.017927312535316407
6 98 0.006259561413555837
6 99 9.985695749406304E-4
6 100 0.0018224328655319204
6 101 0.004256583564877542
6 102 0.004791830424028696
6 103 0.005078821340129848
6 104 0.0072571656478171865
6 105 0.007123156805695007
6 106 0.006264280841859751
6 107 0.004491015772899986
6 108 0.002466034785423477
6 109 3.914352320327584E-4
6 110 0.003284013924360854
6 111 0.0052500987902298
6 112 0.009922549596889188
6 113 0.009130485544556827
6 114 0.014547079213457433
6 115 0.014442477268009577
6 116 0.015806945327503066
6 117 0.013507484704797195
6 118 0.011318601207546705
6 119 0.005618112572583986
6 120 6.744819437306541E-4
12 0 0.30662951362908697
12 1 3.818845093755745E-16
12 2 0.3453282106283599
12 3 0.04950807683469708
12 4 2.499041928581891E-4
12 5 0.0014833842294714559
12 6 0.07796520479141499
12 7 0.07908795773682324
12 8 0.038454174481676824
12 9 0.0011031167837950153
12 10 0.0038723693254534945
12 11 0.001316132759707077
12 12 0.08153002033257559
12 13 0.013586917735936992
12 14 0.08776945181352824
12 15 0.013737707502674687
12 16 0.0017923375260624807
12 17 0.003801275663608357
12 18 0.003064256556655176
12 19 0.0015058000903329957
12 20 0.04230977615711063
12 21 0.050095286477127715
12 22 0.05447105553218156
12 23 0.038236917316377496
12 24 0.00931388903777238
12 25 0.0015615853885535475
12 26 0.00253289229205606
12 27 0.0021746189916469543
12 28 0.005668590840419772
12 29 0.002088734014660871
12 30 0.016697990176284743
12 31 0.024196461371266947
12 32 0.02660792127939452
12 33 0.030817406197865074
12 34 0.0299203589338965
12 35 0.005001392083516966
12 36 0.0013080619433817786
12 37 0.005756886420737585
12 38 0.007695881263382488
12 39 0.012021041110655715
12 40 0.007897308215596862
12 41 0.0018976076883200448
12 42 0.02191257770442577
12 43 0.02495123646769047
12 44 0.04041026142143197
12 45 0.017689328127729123
12 46 0.032599406158637344
12 47 0.019682554794315146
12 48 0.0032951599736222707
12 49 0.001956926224073201
12 50 0.0075345026109617155
12 51 0.01144517039356527
12 52 0.016426929912136394
12 53 0.013238616857987889
12 54 0.007068716595510803
12 55 9.615749529299565E-4
12 56 0.005602524678045422
12 57 0.02275420646980943
12 58 0.014003810087858937
12 59 0.03323018073189874
12 60 0.01932963518653562
12 61 0.028138359156846822
12 62 0.01341582147671879
12 63 0.0020422908423367936
12 64 0.0038303950140381785
12 65 0.0069996897856553575
12 66 0.009618011686994958
12 67 0.013447980778139012
12 68 0.013241448400291263
12 69 0.010371826927043228
12 70 0.003865121241844909
12 71 8.155177889397524E-4
12 72 0.010086142882769938
12 73 0.006544886218052426
12 74 0.021492282497807828
12 75 0.0065039660661441725
12 76 0.02820583455298734
12 77 0.014315250204736708
12 78 0.02000830391652307
12 79 0.009920148933273355
12 80 0.0013220800869268227
12 81 0.006180960569095251
12 82 0.006883781638973883
12 83 0.007098608291790892
12 84 0.010402439132045164
12 85 0.011136773855694726
12 86 0.009984986989901315
12 87 0.006962620515631302
12 88 0.0037364156617481197
12 89 5.69788493279091E-4
12 90 0.010668888417596023
12 91 0.016849629250811883
12 92 0.005404931039906376
12 93 0.022943107722578463
12 94 0.011144660437051269
12 95 0.021743097380301803
12 96 0.012181678017521128
12 97 0.018700939026503542
12 98 0.006395190896235574
12 99 0.0011444329314247792
12 100 0.006111442407817606
12 101 0.00796394059364052
12 102 0.008448146620888301
12 103 0.01201327739168625
12 104 0.013068678085158445
12 105 0.012523734484238162
12 106 0.00965116746446763
12 107 0.007281832947153883
12 108 0.002698465637407541
12 109 3.3053921267679363E-4
12 110 0.0022981919557410273
12 111 0.006793287581243924
12 112 0.00917080062642249
12 113 0.009673142126717323
12 114 0.014451587772958996
12 115 0.015903726375899232
12 116 0.016910055214117866
12 117 0.015355373991949969
12 118 0.012440808470203608
12 119 0.00633268852456304
12 120 7.105821086625236E-4
18 0 0.2996993169213854
18 1 9.196947242709993E-16
18 2 0.3375188847274053
18 3 0.048378074506983976
18 4 0.0022521519012739357
18 5 6.34127985051324E-4
18 6 0.07670665058666622
18 7 0.0778046718946237
18 8 0.03751087944667897
18 9 0.0050021718383350434
18 10 0.003028777999101012
18 11 0.0010314541613429928
18 12 0.07907053699598279
18 13 0.01582324593445033
18 14 0.08513271278086569
18 15 0.012887629420472873
18 16 0.0047770739153015825
18 17 0.005317576383231176
18 18 0.003342858041468457
18 19 0.0010251034194760026
18 20 0.04201912785452397
18 21 0.04929442368905393
18 22 0.05294029024710847
18 23 0.03660432404930998
18 24 0.009046779777497963
18 25 0.0027040514061063468
18 26 0.004896494049634765
18 27 0.005762188611788533
18 28 0.004239244479228735
18 29 0.0011807675696363174
18 30 0.01417655325587857
18 31 0.02659425226801947
18 32 0.02431361032911748
18 33 0.032058140851308266
18 34 0.028479407533961252
18 35 0.0044365923351142355
18 36 0.0012093106097605625
18 37 0.003813572949654841
18 38 0.006757184279119656
18 39 0.008282353061223569
18 40 0.00474272854420759
18 41 9.858552067342158E-4
18 42 0.018447611489531526
18 43 0.01998282142790204
18 44 0.03414608568146764
18 45 0.014179803769644242
18 46 0.02853578818853135
18 47 0.01726378262109639
18 48 0.0029821696213756803
18 49 0.0022994550914387344
18 50 0.004240590883753928
18 51 0.005945432356827893
18 52 0.009882230128960707
18 53 0.007937538691447255
18 54 0.003964833192730811
18 55 5.403805510579958E-4
18 56 0.0027737385816246616
18 57 0.019110205772319283
18 58 0.008296300378699653
18 59 0.027205610166957314
18 60 0.008730238958245195
18 61 0.023769470715957235
18 62 0.011790654041817996
18 63 0.0020170716363240564
18 64 0.0028100308000882502
18 65 0.0031742504884046297
18 66 0.004423115154116374
18 67 0.0076698849819333064
18 68 0.006661726487359659
18 69 0.006014818656907097
18 70 0.002167374456623658
18 71 4.6165024453234546E-4
18 72 0.010561229120782384
18 73 0.006343041311469042
18 74 0.020249205226641302
18 75 0.0038408396559649256
18 76 0.024116240332513448
18 77 0.009715470042395197
18 78 0.01740179294383582
18 79 0.009711087431276608
18 80 0.0016371743781742082
18 81 0.0010106712889475207
18 82 0.0024135704690070757
18 83 0.005768813190916351
18 84 0.0059684592633147135
18 85 0.006373307254835733
18 86 0.005718721274642186
18 87 0.004263500537599147
18 88 0.0023198824180377577
18 89 4.2780062168621227E-4
18 90 0.009068005626493871
18 91 0.015451350764910662
18 92 0.004022315932210666
18 93 0.02200344013675997
18 94 0.01024160213765462
18 95 0.02201209105932286
18 96 0.014918951607810699
18 97 0.018925461574911824
18 98 0.007780282574957893
18 99 0.00128397745541381
18 100 0.0016388843838566723
18 101 0.0037162256324152583
18 102 0.00781285189366419
18 103 0.009138112308274724
18 104 0.009825751154188402
18 105 0.009752837397925955
18 106 0.007200080436362809
18 107 0.00521329635543503
18 108 0.002054655840918597
18 109 1.9565620356566538E-4
18 110 0.003892211213705861
18 111 0.00953101509248281
18 112 0.010542532074355892
18 113 0.015009376273049116
18 114 0.017807968782124168
18 115 0.01911005202105212
18 116 0.024036174123209346
18 117 0.01900124968864886
18 118 0.015359766676934604
18 119 0.0068704668427299
18 120 7.835808683180423E-4
24 0 0.29009585915918545
24 1 3.6209704511192674E-16
24 2 0.32671351914290125
24 3 0.04711667216171207
24 4 0.0015540709606491317
24 5 4.3187662299384844E-4
24 6 0.07466860906787753
24 7 0.07582393550527024
24 8 0.036169342321062004
24 9 0.003903016553404348
24 10 0.0022531988983303043
24 11 5.989092229272584E-4
24 12 0.07561332428696523
24 13 0.01437655217965522
24 14 0.0820578943216512
24 15 0.0128177501393658
24 16 0.004278273082034317
24 17 0.0043395115162332305
24 18 0.0019573514022905303
24 19 2.2373174895217197E-4
24 20 0.04016647912515566
24 21 0.04718599773555878
24 22 0.051721897031059734
24 23 0.03648910385432829
24 24 0.008769265931808
24 25 0.002821617844433607
24 26 0.003972861402747908
24 27 0.0029158260910555804
24 28 7.456581296862606E-4
24 29 1.3399368942916984E-4
24 30 0.013711606453730313
24 31 0.02550195308390032
24 32 0.025202788817806052
24 33 0.0318368568106589
24 34 0.02740106453377675
24 35 0.004308161761135384
24 36 0.0013113418067321094
24 37 0.0024757299741542623
24 38 0.0028374362009266053
24 39 0.0014477721592836992
24 40 5.408919443229918E-4
24 41 8.747794106629662E-5
24 42 0.018893610829497753
24 43 0.020399454715590234
24 44 0.03323639375779328
24 45 0.01046118763410569
24 46 0.026932490044949596
24 47 0.016744814817864617
24 48 0.0029460863661966057
24 49 1.859278341967796E-4
24 50 0.0028470885117203608
24 51 0.002585730046472515
24 52 0.002364939181288697
24 53 0.0012316949113634695
24 54 3.598523077591939E-4
24 55 4.934676430203726E-5
24 56 0.006542888404062404
24 57 0.02351849358339223
24 58 0.00829770342364259
24 59 0.030689310962563474
24 60 0.00989630643571922
24 61 0.024047034409796074
24 62 0.011570732959992955
24 63 0.0018133829884594515
24 64 6.719294782223587E-4
24 65 0.003179379604816933
24 66 0.0028652801251608244
24 67 0.0029257389569231516
24 68 0.0022425918652963575
24 69 8.666860856620428E-4
24 70 1.8248051519805994E-4
24 71 3.8686643959836154E-5
24 72 0.0019640810743617896
24 73 0.003748312734415452
24 74 0.01558440132552434
24 75 0.014513905680290148
24 76 0.01953763126623308
24 77 0.013475298136196603
24 78 0.01614879607612564
24 79 0.00872421372883021
24 80 0.0015868478294800892
24 81 0.0013680610324872584
24 82 0.0031382219617979764
24 83 0.003160031825427732
24 84 0.00291916802469956
24 85 0.003046235932004502
24 86 0.001767251419451071
24 87 4.07058924335235E-4
24 88 1.5879697657122054E-4
24 89 4.244900855530684E-5
24 90 0.002225426561652894
24 91 0.003855546102170265
24 92 0.013282380340460408
24 93 0.010285295550043743
24 94 0.014859361694921842
24 95 0.01235853200089175
24 96 0.016464527375019248
24 97 0.01670338705547492
24 98 0.008001185877234262
24 99 0.0013373431844176588
24 100 0.001975440030264365
24 101 0.0029703741329209638
24 102 0.003146605155633321
24 103 0.003168017476623907
24 104 0.0032388666362192725
24 105 0.002867386816034661
24 106 0.0012557236153944813
24 107 3.7917801762603516E-4
24 108 2.212151664555925E-4
24 109 3.979541261993427E-5
24 110 0.010390819181355454
24 111 0.004339250829474882
24 112 0.015632831433417333
24 113 0.004373552802087118
24 114 0.024181852806448325
24 115 0.009945180944843035
24 116 0.02980142063635879
24 117 0.018233663300681595
24 118 0.016549922064674264
24 119 0.0072937324306988835
24 120 7.530149715851754E-4
30 0 0.2786160404288094
30 1 3.375824489323306E-16
30 2 0.3137209717091188
30 3 0.04204172957853955
30 4 0.0029223256520087807
30 5 0.0015113950247809193
30 6 0.06958613224990402
30 7 0.06685198634186554
30 8 0.03548363266351536
30 9 0.0077857241500902865
30 10 0.006700352834605412
30 11 0.0018002459293310464
30 12 0.07652565379639441
30 13 0.011708030234589599
30 14 0.08154287838164957
30 15 0.011144319207010226
30 16 0.00902485427181747
30 17 0.013181483940512188
30 18 0.007108635052831225
30 19 0.0013267343206651173
30 20 0.03940715727785852
30 21 0.04437142435700585
30 22 0.05156206254623388
30 23 0.03163769745455745
30 24 0.008676607341783158
30 25 0.005920261625498585
30 26 0.01374578088841327
30 27 0.01198370589294531
30 28 0.0049487740738445715
30 29 8.807692172335922E-4
30 30 0.016698163454618095
30 31 0.020588302111835932
30 32 0.026012845183020782
30 33 0.026768471364975052
30 34 0.02828834092342096
30 35 0.00394080449346155
30 36 0.0023312010881877785
30 37 0.007718755459091632
30 38 0.009239972071093127
30 39 0.007696597379018928
30 40 0.003177642663161719
30 41 7.165711013929777E-4
30 42 0.02183555831025219
30 43 0.02280001738238985
30 44 0.038788818532596185
30 45 0.013017471249176307
30 46 0.030560693783321886
30 47 0.015546312514952209
30 48 0.0028722578063518378
30 49 0.001006552073602655
30 50 0.0019437851946935666
30 51 0.0022369564826474108
30 52 0.005697944951963963
30 53 0.004987672839136678
30 54 0.0029933405737466714
30 55 5.738455414741339E-4
30 56 0.006437884609010138
30 57 0.021210322356949175
30 58 0.004297728708030516
30 59 0.028792713247843025
30 60 0.005428190923356679
30 61 0.021960856485215403
30 62 0.011535321086457193
30 63 0.0016277579392994601
30 64 0.003094535086482839
30 65 0.007046374959014345
30 66 0.007349371626057235
30 67 0.007154156834721784
30 68 0.006316744407071004
30 69 0.00574903102588221
30 70 0.0025061398321617337
30 71 4.231994991002573E-4
30 72 0.007758613051840593
30 73 0.004253435156246338
30 74 0.02226913059883136
30 75 0.012925678465115574
30 76 0.02262392066281544
30 77 0.010008585980824134
30 78 0.01738350279252645
30 79 0.008279503563524448
30 80 0.0014995576805025375
30 81 0.005775098478479074
30 82 0.010561085431833353
30 83 0.009602452814857295
30 84 0.011397665195469902
30 85 0.009941466989072445
30 86 0.00824877132072897
30 87 0.005054864806111058
30 88 0.0020492540250208473
30 89 3.5068871497224E-4
30 90 0.008662243135853148
30 91 0.013574368336501406
30 92 0.01635444343001419
30 93 0.022099504858851777
30 94 0.01735724429587082
30 95 0.021054516313006193
30 96 0.0169090099591895
30 97 0.0173958430522578
30 98 0.0075646471264805715
30 99 0.0011850086109046075
30 100 0.006758470504193381
30 101 0.009183397957676245
30 102 0.009381973830542864
30 103 0.009623031759342527
30 104 0.012232565500532476
30 105 0.010470187278997472
30 106 0.007539862376110637
30 107 0.004479643248633961
30 108 0.0018523400378365514
30 109 2.7153336965350086E-4
30 110 0.0022534281519026723
30 111 0.0052398321919104075
30 112 0.012007291196850595
30 113 0.011884513743458353
30 114 0.019182918462900746
30 115 0.018581132542674902
30 116 0.025070862013671834
30 117 0.01934269317410422
30 118 0.01542196981167687
30 119 0.006443187058489985
30 120 6.128472822233093E-4
36 0 0.26475581714157076
36 1 4.2995900956555687E-16
36 2 0.2981404412445231
36 3 0.0413369198991191
36 4 0.0034021858429836346
36 5 0.003771649551564864
36 6 0.0655650369273919
36 7 0.06525011237405585
36 8 0.033677703968322
36 9 0.007701542208565799
36 10 0.009847275148692849
36 11 0.0030619839855330795
36 12 0.07412027743460851
36 13 0.011554248520627919
36 14 0.07815175086456069
36 15 0.011557813370929372
36 16 0.006220743964012124
36 17 0.011372088403788437
36 18 0.007670342957683897
36 19 0.0012413901161344833
36 20 0.03887868837665254
36 21 0.045914364956189314
36 22 0.05078656161489082
36 23 0.03246102960321677
36 24 0.008013902679761454
36 25 9.121917418239302E-4
36 26 0.007194496051020209
36 27 0.007895145514582157
36 28 0.003921314041114408
36 29 0.0011786677655692035
36 30 0.015126790316961652
36 31 0.020349780365417312
36 32 0.022615790634728117
36 33 0.02626110552026248
36 34 0.026294904833032786
36 35 0.004055886847439356
36 36 0.004238795735791393
36 37 0.00813162312238588
36 38 0.007530700704323117
36 39 0.005987148022614504
36 40 0.00405774350474816
36 41 6.687291360011164E-4
36 42 0.021220520673028032
36 43 0.023832577480438513
36 44 0.03813077328497527
36 45 0.014911362941364492
36 46 0.02920392466058007
36 47 0.016107377469891732
36 48 0.0024865770318416914
36 49 0.005775742140531475
36 50 0.007634174248793366
36 51 0.007443826434281372
36 52 0.007189067941108635
36 53 0.006290721079469807
36 54 0.0029930364950988522
36 55 7.962833302115243E-4
36 56 0.007479497711845183
36 57 0.02216365555061523
36 58 0.007719571323608753
36 59 0.03018268915583284
36 60 0.008169302026870013
36 61 0.022789290386926158
36 62 0.010095828256840014
36 63 0.0016327293070113695
36 64 0.004187691386430844
36 65 0.0028719633089249377
36 66 0.004903197122728442
36 67 0.005800626932708353
36 68 0.007839456048767847
36 69 0.0062390917254410766
36 70 0.0036829138485871635
36 71 6.37255942760622E-4
36 72 0.007034930877788118
36 73 0.004892362380633376
36 74 0.016919584523114296
36 75 0.005073922237952217
36 76 0.01864097591996104
36 77 0.007037196907044978
36 78 0.015157740408154817
36 79 0.00827732883796945
36 80 0.0012150069912019738
36 81 9.368132544488208E-4
36 82 0.0027864020328298923
36 83 0.002299421941639328
36 84 0.004808692706511433
36 85 0.008114849664840973
36 86 0.008673175663317255
36 87 0.007361003135387343
36 88 0.003261021205121731
36 89 5.491167896352013E-4
36 90 0.009544366299692448
36 91 0.01456777568618349
36 92 0.007087298121958016
36 93 0.020179851808136758
36 94 0.008839489946879768
36 95 0.017590753854957696
36 96 0.01192364394538484
36 97 0.016846993236442398
36 98 0.006088222116900711
36 99 0.001008485167451115
36 100 0.001863261914672291
36 101 0.002564928058081042
36 102 0.004285160487435693
36 103 0.004324697088743752
36 104 0.006754006298652514
36 105 0.009359929020681314
36 106 0.008897678843720001
36 107 0.006921419330690091
36 108 0.0028780600526437158
36 109 4.062316363360622E-4
36 110 0.0013411660541591953
36 111 0.005444683375501423
36 112 0.006932017426133613
36 113 0.009867814285402518
36 114 0.011452646048914389
36 115 0.014661615057567443
36 116 0.018335564113317975
36 117 0.016410341429738275
36 118 0.012505584425778447
36 119 0.005702734776271443
36 120 5.471031469997528E-4
42 0 0.2669232997918085
42 1 5.447875644818625E-16
42 2 0.300581678058641
42 3 0.041707969255311034
42 4 5.926316366403392E-4
42 5 0.001039293866055698
42 6 0.06667196246170039
42 7 0.0660819007675427
42 8 0.03381579325218967
42 9 0.00115986384375234
42 10 0.0026407193470650266
42 11 8.678412422166548E-4
42 12 0.07371016313215613
42 13 0.009558601350675058
42 14 0.07790690928687787
42 15 0.011443889074629806
42 16 8.461317510365591E-4
42 17 0.0027380115456636556
42 18 0.0026952389844659454
42 19 8.621092978634063E-4
42 20 0.03896068432363265
42 21 0.045050129731751154
42 22 0.04979072183141366
42 23 0.032437431939706496
42 24 0.008246909462430257
42 25 0.0020170295024581784
42 26 0.0022081081564511527
42 27 0.004789901632057924
42 28 0.003960003766224156
42 29 0.0011883485884436197
42 30 0.014273617709590888
42 31 0.021592857362445584
42 32 0.021807434619048424
42 33 0.027327154494831467
42 34 0.02646891960666564
42 35 0.004025076495994495
42 36 0.003971518195972385
42 37 0.004883606106437604
42 38 0.0072003282728148755
42 39 0.008175972127894763
42 40 0.004898690220869359
42 41 0.0010697626758416376
42 42 0.01962533836085952
42 43 0.02178144757489445
42 44 0.03541066520884252
42 45 0.012289288378675179
42 46 0.02791766847896869
42 47 0.015568170572140123
42 48 0.002524962243304617
42 49 0.005380297731314937
42 50 0.006464810536148557
42 51 0.008139078804789703
42 52 0.009948341388031157
42 53 0.008553251008150443
42 54 0.004258950285025987
42 55 6.944511487999485E-4
42 56 0.005667091216324743
42 57 0.020585323423909466
42 58 0.0046603973924569655
42 59 0.027688308067967835
42 60 0.007230690539718411
42 61 0.021829640193984975
42 62 0.010308553989068785
42 63 0.0016832680585223147
42 64 0.005518494457617169
42 65 0.005561363049437805
42 66 0.006224023509205553
42 67 0.008186168702567569
42 68 0.008526159261694557
42 69 0.0065898793818138035
42 70 0.002920349856223398
42 71 4.7401306262046927E-4
42 72 0.007926017517695231
42 73 0.005298176729499092
42 74 0.017620753880494146
42 75 0.00717335992684253
42 76 0.021518740429589792
42 77 0.00990745773139776
42 78 0.015903377296258413
42 79 0.008217747980468908
42 80 0.001188537503381341
42 81 0.004239449551497637
42 82 0.004127772345324513
42 83 0.005659866179740616
42 84 0.005973951420931081
42 85 0.007838322069939282
42 86 0.00561477904993181
42 87 0.004931765312352913
42 88 0.0021511971569154902
42 89 2.711909371030894E-4
42 90 0.00885202769554582
42 91 0.01360801845327235
42 92 0.0063120293419699856
42 93 0.019610379586297796
42 94 0.01043567469217048
42 95 0.019331108308697324
42 96 0.012534131472175076
42 97 0.016328506592089988
42 98 0.0057842666058497815
42 99 0.0010081917882220647
42 100 0.003452774168004741
42 101 0.003761608294578464
42 102 0.006946906225633526
42 103 0.006810639076919676
42 104 0.007468442660562767
42 105 0.006074562515212473
42 106 0.004704007885570111
42 107 0.0038030089129357974
42 108 0.0013089101344999712
42 109 2.6919919247243444E-4
42 110 0.002647597578699999
42 111 0.0049968152605707
42 112 0.009240126399511094
42 113 0.012163799941165844
42 114 0.014659381053971446
42 115 0.01781218235753494
42 116 0.018360293189028626
42 117 0.01587682162711354
42 118 0.011777062786707471
42 119 0.005424675050165858
42 120 5.777455546952268E-4
48 0 0.2669232997918085
48 1 5.266961133451549E-16
48 2 0.30058167805864106
48 3 0.04170796925531108
48 4 5.926316366402673E-4
48 5 0.0010392938660556638
48 6 0.06667196246170065
48 7 0.06608190076754283
48 8 0.033815793252189634
48 9 0.0011598638437523862
48 10 0.0026407193470649503
48 11 8.678412422166473E-4
48 12 0.0737101631321554
48 13 0.009558601350675279
48 14 0.07790690928687784
48 15 0.011443889074629798
48 16 8.46131751036691E-4
48 17 0.0027380115456635636
48 18 0.002695238984465958
48 19 8.621092978634222E-4
48 20 0.038960684323631777
48 21 0.045050129731750654
48 22 0.049790721831413406
48 23 0.03243743193970628
48 24 0.008246909462430235
48 25 0.0020170295024579147
48 26 0.0022081081564508127
48 27 0.004789901632057955
48 28 0.00396000376622421
48 29 0.0011883485884436283
48 30 0.014273617709591842
48 31 0.02159285736244595
48 32 0.021807434619048684
48 33 0.027327154494832924
48 34 0.026468919606665427
48 35 0.004025076495994513
48 36 0.003971518195971515
48 37 0.0048836061064369985
48 38 0.007200328272814727
48 39 0.008175972127894787
48 40 0.00489869022086938
48 41 0.0010697626758416354
48 42 0.019625338360858776
48 43 0.021781447574898312
48 44 0.035410665208841896
48 45 0.012289288378673987
48 46 0.027917668478967282
48 47 0.015568170572140215
48 48 0.0025249622433046143
48 49 0.0053802977313130475
48 50 0.00646481053614815
48 51 0.008139078804789233
48 52 0.009948341388030909
48 53 0.008553251008150447
48 54 0.004258950285025978
48 55 6.944511487999357E-4
48 56 0.005667091216380707
48 57 0.020585323423957413
48 58 0.0046603973924882625
48 59 0.027688308067974378
48 60 0.007230690539719441
48 61 0.021829640193986408
48 62 0.010308553989068705
48 63 0.0016832680585223351
48 64 0.0055184944576146654
48 65 0.005561363049438491
48 66 0.006224023509204345
48 67 0.008186168702567088
48 68 0.008526159261694338
48 69 0.006589879381813803
48 70 0.0029203498562233214
48 71 4.7401306262045934E-4
48 72 0.007926017517868027
48 73 0.005298176729278485
48 74 0.01762075388049179
48 75 0.007173359926876216
48 76 0.021518740429606827
48 77 0.009907457731402544
48 78 0.015903377296261983
48 79 0.008217747980468723
48 80 0.001188537503381343
48 81 0.004239449551486671
48 82 0.004127772345321829
48 83 0.00565986617973677
48 84 0.005973951420929752
48 85 0.007838322069937865
48 86 0.005614779049930866
48 87 0.0049317653123525
48 88 0.002151197156915386
48 89 2.7119093710308896E-4
48 90 0.008852027694695593
48 91 0.013608018452341398
48 92 0.00631202934177726
48 93 0.019610379586740327
48 94 0.010435674692099802
48 95 0.01933110830872027
48 96 0.012534131472173332
48 97 0.01632850659209268
48 98 0.005784266605849745
48 99 0.0010081917882220454
48 100 0.003452774168016592
48 101 0.003761608294558172
48 102 0.0069469062256330575
48 103 0.006810639076921465
48 104 0.007468442660563501
48 105 0.006074562515203551
48 106 0.004704007885568073
48 107 0.003803008912935074
48 108 0.0013089101344999703
48 109 2.6919919247243943E-4
48 110 0.002647597577942802
48 111 0.004996815260754467
48 112 0.009240126401236675
48 113 0.012163799941334395
48 114 0.014659381053752632
48 115 0.017812182357661868
48 116 0.01836029318898788
48 117 0.015876821627125524
48 118 0.011777062786711097
48 119 0.0054246750501653
48 120 5.777455546952481E-4
54 0 0.26475581714157154
54 1 9.06612128206431E-16
54 2 0.29814044124452327
54 3 0.04133691989911913
54 4 0.003402185842984303
54 5 0.003771649551564987
54 6 0.06556503692739112
54 7 0.06525011237405567
54 8 0.03367770396832232
54 9 0.00770154220856572
54 10 0.009847275148693076
54 11 0.0030619839855330995
54 12 0.0741202774346085
54 13 0.011554248520627364
54 14 0.07815175086456115
54 15 0.011557813370929454
54 16 0.006220743964011714
54 17 0.011372088403788363
54 18 0.007670342957683916
54 19 0.0012413901161344915
54 20 0.03887868837665307
54 21 0.04591436495619005
54 22 0.05078656161488994
54 23 0.032461029603216944
54 24 0.008013902679761577
54 25 9.121917418240266E-4
54 26 0.0071944960510199945
54 27 0.007895145514582045
54 28 0.003921314041114407
54 29 0.0011786677655691961
54 30 0.015126790316962388
54 31 0.02034978036541687
54 32 0.02261579063473194
54 33 0.02626110552026232
54 34 0.02629490483303314
54 35 0.004055886847439393
54 36 0.004238795735791727
54 37 0.00813162312238581
54 38 0.00753070070432283
54 39 0.00598714802261432
54 40 0.004057743504748104
54 41 6.687291360011198E-4
54 42 0.021220520673041306
54 43 0.023832577480435803
54 44 0.038130773284977375
54 45 0.014911362941364423
54 46 0.029203924660580714
54 47 0.016107377469891763
54 48 0.0024865770318417482
54 49 0.0057757421405295935
54 50 0.007634174248794899
54 51 0.007443826434281132
54 52 0.007189067941108207
54 53 0.006290721079469719
54 54 0.0029930364950989004
54 55 7.962833302115331E-4
54 56 0.0074794977118621325
54 57 0.022163655550654845
54 58 0.007719571323599238
54 59 0.030182689155821785
54 60 0.008169302026871569
54 61 0.02278929038692487
54 62 0.010095828256840456
54 63 0.001632729307011386
54 64 0.0041876913864330794
54 65 0.0028719633089265124
54 66 0.004903197122730241
54 67 0.005800626932708449
54 68 0.007839456048767958
54 69 0.00623909172544114
54 70 0.0036829138485872256
54 71 6.372559427606258E-4
54 72 0.007034930877600492
54 73 0.004892362380732256
54 74 0.01691958452325413
54 75 0.005073922237932103
54 76 0.018640975919950845
54 77 0.007037196907037458
54 78 0.015157740408153635
54 79 0.008277328837969535
54 80 0.0012150069912020094
54 81 9.368132544481018E-4
54 82 0.0027864020328466433
54 83 0.0022994219416199078
54 84 0.004808692706508953
54 85 0.008114849664841897
54 86 0.008673175663316565
54 87 0.007361003135387598
54 88 0.003261021205121749
54 89 5.491167896351965E-4
54 90 0.009544366298117783
54 91 0.0145677756861148
54 92 0.007087298120954596
54 93 0.020179851808209484
54 94 0.00883948994693483
54 95 0.017590753854954882
54 96 0.01192364394537939
54 97 0.01684699323644054
54 98 0.006088222116901414
54 99 0.001008485167451157
54 100 0.0018632619147295072
54 101 0.0025649280580794156
54 102 0.00428516048746153
54 103 0.004324697088773794
54 104 0.006754006298642829
54 105 0.009359929020679393
54 106 0.008897678843718728
54 107 0.006921419330689723
54 108 0.00287806005264366
54 109 4.0623163633604994E-4
54 110 0.001341166052100767
54 111 0.005444683374574692
54 112 0.006932017425277917
54 113 0.009867814286689347
54 114 0.011452646048852598
54 115 0.014661615057811696
54 116 0.01833556411332614
54 117 0.01641034142974731
54 118 0.012505584425783402
54 119 0.005702734776271922
54 120 5.471031469997874E-4
60 0 0.2786160404288091
60 1 6.215684274180063E-16
60 2 0.3137209717091189
60 3 0.04204172957853935
60 4 0.0029223256520084593
60 5 0.0015113950247810119
60 6 0.06958613224990425
60 7 0.06685198634186519
60 8 0.035483632663515285
60 9 0.007785724150090192
60 10 0.006700352834605599
60 11 0.0018002459293311565
60 12 0.07652565379639444
60 13 0.01170803023458926
60 14 0.08154287838164948
60 15 0.011144319207010162
60 16 0.009024854271817467
60 17 0.013181483940512322
60 18 0.007108635052831434
60 19 0.0013267343206651392
60 20 0.03940715727785739
60 21 0.04437142435700688
60 22 0.051562062546234064
60 23 0.03163769745455745
60 24 0.008676607341783115
60 25 0.005920261625498486
60 26 0.013745780888413208
60 27 0.011983705892945368
60 28 0.004948774073844594
60 29 8.807692172335772E-4
60 30 0.016698163454621256
60 31 0.020588302111839655
60 32 0.026012845183020925
60 33 0.026768471364975625
60 34 0.02828834092342087
60 35 0.003940804493461499
60 36 0.0023312010881875317
60 37 0.007718755459091686
60 38 0.009239972071093101
60 39 0.007696597379018938
60 40 0.0031776426631617235
60 41 7.165711013929682E-4
60 42 0.02183555831028615
60 43 0.022800017382371283
60 44 0.038788818532598864
60 45 0.013017471249173677
60 46 0.030560693783320714
60 47 0.015546312514952067
60 48 0.0028722578063518373
60 49 0.0010065520736014686
60 50 0.001943785194693475
60 51 0.0022369564826470035
60 52 0.00569794495196424
60 53 0.004987672839136849
60 54 0.0029933405737466714
60 55 5.738455414741337E-4
60 56 0.006437884609213654
60 57 0.021210322356990042
60 58 0.00429772870805248
60 59 0.028792713247854537
60 60 0.00542819092335623
60 61 0.021960856485213925
60 62 0.011535321086457126
60 63 0.0016277579392994187
60 64 0.0030945350864761923
60 65 0.0070463749590106055
60 66 0.007349371626053029
60 67 0.007154156834719392
60 68 0.006316744407070582
60 69 0.0057490310258820135
60 70 0.0025061398321616834
60 71 4.231994991002304E-4
60 72 0.00775861305186829
60 73 0.00425343515621562
60 74 0.022269130598987195
60 75 0.012925678465146978
60 76 0.0226239206627968
60 77 0.01000858598082931
60 78 0.01738350279252886
60 79 0.00827950356352439
60 80 0.0014995576805024932
60 81 0.00577509847846245
60 82 0.010561085431840157
60 83 0.009602452814843128
60 84 0.011397665195456217
60 85 0.009941466989066155
60 86 0.008248771320726041
60 87 0.005054864806110237
60 88 0.0020492540250206487
60 89 3.506887149722107E-4
60 90 0.008662243135071872
60 91 0.013574368336746336
60 92 0.016354443430262117
60 93 0.022099504858798958
60 94 0.017357244295845894
60 95 0.021054516313023963
60 96 0.016909009959190948
60 97 0.017395843052256228
60 98 0.007564647126480584
60 99 0.001185008610904573
60 100 0.0067584705041540665
60 101 0.00918339795762998
60 102 0.009381973830481269
60 103 0.009623031759317927
60 104 0.012232565500506007
60 105 0.01047018727898758
60 106 0.0075398623761057755
60 107 0.004479643248633158
60 108 0.0018523400378364129
60 109 2.7153336965348297E-4
60 110 0.0022534281485490954
60 111 0.005239832189211046
60 112 0.01200729119695965
60 113 0.011884513743917292
60 114 0.01918291846306651
60 115 0.018581132542206523
60 116 0.025070862013685344
60 117 0.019342693174098095
60 118 0.015421969811673715
60 119 0.0064431870584897065
60 120 6.128472822233191E-4
66 0 0.29009585915918484
66 1 8.906891298429264E-16
66 2 0.3267135191429009
66 3 0.047116672161711864
66 4 0.001554070960650042
66 5 4.318766229939768E-4
66 6 0.07466860906787764
66 7 0.07582393550527
66 8 0.036169342321061886
66 9 0.003903016553404161
66 10 0.0022531988983302553
66 11 5.989092229270088E-4
66 12 0.07561332428696511
66 13 0.014376552179655075
66 14 0.08205789432165111
66 15 0.012817750139365744
66 16 0.0042782730820337435
66 17 0.0043395115162327075
66 18 0.0019573514022899947
66 19 2.237317489520899E-4
66 20 0.04016647912515686
66 21 0.047185997735559516
66 22 0.051721897031059845
66 23 0.03648910385432825
66 24 0.008769265931807909
66 25 0.0028216178444336643
66 26 0.003972861402747778
66 27 0.0029158260910554564
66 28 7.456581296862044E-4
66 29 1.3399368942909967E-4
66 30 0.013711606453731519
66 31 0.02550195308390102
66 32 0.02520278881780743
66 33 0.031836856810659106
66 34 0.027401064533776425
66 35 0.004308161761135347
66 36 0.0013113418067327524
66 37 0.002475729974154725
66 38 0.0028374362009271395
66 39 0.0014477721592839078
66 40 5.408919443228093E-4
66 41 8.747794106624631E-5
66 42 0.018893610829498555
66 43 0.02039945471561145
66 44 0.03323639375780061
66 45 0.010461187634105888
66 46 0.026932490044949665
66 47 0.016744814817864627
66 48 0.0029460863661965654
66 49 1.859278341976344E-4
66 50 0.0028470885117202766
66 51 0.0025857300464726704
66 52 0.002364939181288806
66 53 0.001231694911363271
66 54 3.59852307759041E-4
66 55 4.9346764302000485E-5
66 56 0.006542888404015743
66 57 0.02351849358337396
66 58 0.008297703423639764
66 59 0.03068931096254857
66 60 0.009896306435716427
66 61 0.024047034409795918
66 62 0.011570732959992629
66 63 0.0018133829884594067
66 64 6.719294782209012E-4
66 65 0.0031793796048169226
66 66 0.0028652801251605278
66 67 0.0029257389569229907
66 68 0.0022425918652960925
66 69 8.666860856618443E-4
66 70 1.8248051519793743E-4
66 71 3.868664395981309E-5
66 72 0.001964081074285589
66 73 0.0037483127346710347
66 74 0.015584401325475861
66 75 0.014513905680269184
66 76 0.01953763126623117
66 77 0.013475298136193971
66 78 0.01614879607612641
66 79 0.00872421372882991
66 80 0.0015868478294800916
66 81 0.0013680610324801783
66 82 0.00313822196180091
66 83 0.003160031825429442
66 84 0.0029191680246995564
66 85 0.0030462359320047932
66 86 0.0017672514194512364
66 87 4.070589243352243E-4
66 88 1.587969765711636E-4
66 89 4.244900855527859E-5
66 90 0.00222542656117483
66 91 0.003855546102830002
66 92 0.013282380340755302
66 93 0.010285295550393867
66 94 0.01485936169476441
66 95 0.01235853200083525
66 96 0.01646452737502648
66 97 0.01670338705547248
66 98 0.008001185877234257
66 99 0.0013373431844176519
66 100 0.0019754400301974025
66 101 0.002970374132955325
66 102 0.0031466051556423816
66 103 0.0031680174766292916
66 104 0.003238866636222778
66 105 0.0028673868160371
66 106 0.0012557236153951823
66 107 3.7917801762604725E-4
66 108 2.2121516645549024E-4
66 109 3.979541261990852E-5
66 110 0.010390819184645949
66 111 0.00433925083049145
66 112 0.015632831429102177
66 113 0.0043735528018981765
66 114 0.024181852807501333
66 115 0.009945180944998456
66 116 0.029801420636367718
66 117 0.018233663300675683
66 118 0.016549922064678917
66 119 0.007293732430699209
66 120 7.530149715851684E-4
72 0 0.2996993169213847
72 1 5.468242840871402E-16
72 2 0.33751888472740504
72 3 0.04837807450698383
72 4 0.0022521519012743177
72 5 6.341279850513729E-4
72 6 0.07670665058666674
72 7 0.07780467189462377
72 8 0.037510879446678774
72 9 0.005002171838334956
72 10 0.0030287779991009763
72 11 0.001031454161342901
72 12 0.07907053699598295
72 13 0.015823245934450936
72 14 0.08513271278086545
72 15 0.012887629420472769
72 16 0.004777073915301259
72 17 0.005317576383230907
72 18 0.0033428580414683255
72 19 0.0010251034194759766
72 20 0.04201912785452412
72 21 0.04929442368905196
72 22 0.05294029024710851
72 23 0.03660432404930978
72 24 0.009046779777497876
72 25 0.0027040514061058276
72 26 0.004896494049634416
72 27 0.005762188611788545
72 28 0.004239244479228736
72 29 0.0011807675696362944
72 30 0.014176553255887037
72 31 0.026594252268015452
72 32 0.02431361032911866
72 33 0.03205814085130899
72 34 0.02847940753396098
72 35 0.004436592335114171
72 36 0.0012093106097595203
72 37 0.0038135729496548572
72 38 0.006757184279119832
72 39 0.008282353061223675
72 40 0.0047427285442075825
72 41 9.858552067341976E-4
72 42 0.018447611489532424
72 43 0.019982821427887813
72 44 0.034146085681471296
72 45 0.014179803769641727
72 46 0.02853578818853135
72 47 0.017263782621096194
72 48 0.0029821696213756968
72 49 0.002299455091438409
72 50 0.00424059088375436
72 51 0.005945432356828076
72 52 0.0098822301289608
72 53 0.007937538691447378
72 54 0.003964833192730778
72 55 5.403805510579802E-4
72 56 0.0027737385815034027
72 57 0.019110205772331135
72 58 0.00829630037868743
72 59 0.027205610166937257
72 60 0.008730238958252205
72 61 0.023769470715955577
72 62 0.011790654041818175
72 63 0.0020170716363240647
72 64 0.0028100308000853598
72 65 0.003174250488405124
72 66 0.004423115154115869
72 67 0.007669884981933239
72 68 0.006661726487360041
72 69 0.006014818656907174
72 70 0.002167374456623598
72 71 4.6165024453233776E-4
72 72 0.010561229120932996
72 73 0.006343041311477727
72 74 0.02024920522681646
72 75 0.003840839655990151
72 76 0.024116240332577244
72 77 0.009715470042389426
72 78 0.01740179294383483
72 79 0.00971108743127669
72 80 0.0016371743781741822
72 81 0.001010671288951604
72 82 0.0024135704690106544
72 83 0.00576881319091852
72 84 0.005968459263317236
72 85 0.006373307254836477
72 86 0.005718721274642713
72 87 0.004263500537599146
72 88 0.002319882418037721
72 89 4.278006216862021E-4
72 90 0.009068005626180493
72 91 0.015451350764471258
72 92 0.0040223159328107725
72 93 0.022003440136787636
72 94 0.010241602137649164
72 95 0.022012091059364913
72 96 0.014918951607819142
72 97 0.018925461574916317
72 98 0.007780282574957753
72 99 0.0012839774554137971
72 100 0.00163888438385781
72 101 0.0037162256324247936
72 102 0.007812851893689864
72 103 0.009138112308287191
72 104 0.009825751154197008
72 105 0.009752837397926808
72 106 0.007200080436363492
72 107 0.005213296355435133
72 108 0.002054655840918583
72 109 1.9565620356566367E-4
72 110 0.0038922112182262244
72 111 0.00953101508947113
72 112 0.010542532068211303
72 113 0.015009376273298248
72 114 0.01780796878169318
72 115 0.01911005202086488
72 116 0.024036174123148468
72 117 0.019001249688633023
72 118 0.015359766676936486
72 119 0.006870466842730264
72 120 7.835808683179843E-4
78 0 0.3066295136290867
78 1 5.11229045504809E-16
78 2 0.3453282106283598
78 3 0.049508076834696865
78 4 2.4990419285775425E-4
78 5 0.0014833842294715196
78 6 0.07796520479141521
78 7 0.07908795773682302
78 8 0.03845417448167676
78 9 0.0011031167837950583
78 10 0.0038723693254536615
78 11 0.0013161327597071052
78 12 0.0815300203325756
78 13 0.013586917735937393
78 14 0.08776945181352812
78 15 0.013737707502674576
78 16 0.0017923375260627263
78 17 0.0038012756636085893
78 18 0.0030642565566552796
78 19 0.0015058000903329755
78 20 0.04230977615710859
78 21 0.05009528647712598
78 22 0.05447105553218093
78 23 0.0382369173163772
78 24 0.009313889037772364
78 25 0.0015615853885536238
78 26 0.002532892292056155
78 27 0.0021746189916471374
78 28 0.0056685908404197774
78 29 0.0020887340146608676
78 30 0.016697990176287963
78 31 0.024196461371266333
78 32 0.026607921279395586
78 33 0.03081740619786386
78 34 0.029920358933896607
78 35 0.005001392083516937
78 36 0.0013080619433818554
78 37 0.00575688642073755
78 38 0.007695881263382646
78 39 0.012021041110655786
78 40 0.00789730821559688
78 41 0.0018976076883200376
78 42 0.021912577704433257
78 43 0.02495123646769572
78 44 0.04041026142142697
78 45 0.017689328127730525
78 46 0.032599406158636886
78 47 0.019682554794315233
78 48 0.003295159973622245
78 49 0.0019569262240738696
78 50 0.00753450261096169
78 51 0.011445170393565424
78 52 0.016426929912136363
78 53 0.013238616857987976
78 54 0.007068716595510801
78 55 9.615749529299484E-4
78 56 0.005602524678120907
78 57 0.02275420646979106
78 58 0.014003810087868516
78 59 0.03323018073191995
78 60 0.019329635186540673
78 61 0.02813835915685012
78 62 0.01341582147671867
78 63 0.0020422908423367633
78 64 0.00383039501404068
78 65 0.006999689785655312
78 66 0.009618011686996181
78 67 0.013447980778140118
78 68 0.013241448400291837
78 69 0.01037182692704325
78 70 0.0038651212418448822
78 71 8.155177889397414E-4
78 72 0.010086142883205649
78 73 0.00654488621802313
78 74 0.02149228249765781
78 75 0.006503966066161544
78 76 0.028205834552996068
78 77 0.014315250204732196
78 78 0.020008303916522318
78 79 0.009920148933273053
78 80 0.0013220800869268281
78 81 0.006180960569107184
78 82 0.006883781638980993
78 83 0.0070986082918025216
78 84 0.010402439132054225
78 85 0.011136773855696013
78 86 0.009984986989901839
78 87 0.006962620515631183
78 88 0.00373641566174802
78 89 5.697884932790772E-4
78 90 0.01066888841744871
78 91 0.016849629249661807
78 92 0.005404931040619252
78 93 0.022943107721717246
78 94 0.01114466043716743
78 95 0.02174309738027068
78 96 0.01218167801753206
78 97 0.018700939026505443
78 98 0.006395190896235631
78 99 0.0011444329314247526
78 100 0.006111442407864117
78 101 0.00796394059368434
78 102 0.008448146620919455
78 103 0.012013277391708215
78 104 0.013068678085179307
78 105 0.012523734484235606
78 106 0.009651167464468122
78 107 0.0072818329471534575
78 108 0.002698465637407449
78 109 3.3053921267680344E-4
78 110 0.0022981919548917132
78 111 0.006793287584827008
78 112 0.009170800621599529
78 113 0.00967314212575466
78 114 0.01445158777329645
78 115 0.015903726375412878
78 116 0.016910055214153435
78 117 0.015355373991946596
78 118 0.012440808470208996
78 119 0.006332688524562534
78 120 7.105821086625287E-4
84 0 0.3181056559039509
84 1 5.400028987540738E-16
84 2 0.3582595585120632
84 3 0.05171260823904025
84 4 0.0011037879253353114
84 5 0.008134441642186442
84 6 0.0815186912315502
84 7 0.08297925011518655
84 8 0.03981250287283224
84 9 0.0021878281825040346
84 10 0.018368948595144204
84 11 0.006303412212422128
84 12 0.08315539065159618
84 13 0.015609140460820589
84 14 0.090474994405052
84 15 0.01437915425194473
84 16 0.0011692521739543054
84 17 0.01436192052599341
84 18 0.014191544485047692
84 19 0.002709571108442853
84 20 0.042866919007960774
84 21 0.05085483774152644
84 22 0.055859841672413944
84 23 0.039901934295115495
84 24 0.00963670286542056
84 25 0.0010488945896435804
84 26 0.005458874326737494
84 27 0.012978522963888486
84 28 0.008409977755898376
84 29 0.00250788436297393
84 30 0.017269125581195508
84 31 0.024780888508384773
84 32 0.028141397645903204
84 33 0.031734756164475304
84 34 0.030431196541900404
84 35 0.004891076952346277
84 36 0.0018523525608557685
84 37 0.011269855344886098
84 38 0.015596867383051815
84 39 0.01166637365926323
84 40 0.008114093065627949
84 41 9.001738771065046E-4
84 42 0.022065830417810257
84 43 0.024301128411125413
84 44 0.03941420302386978
84 45 0.014494769585415526
84 46 0.03053357972009652
84 47 0.01889448669624863
84 48 0.003105969002644267
84 49 0.001452335736297515
84 50 0.007602883201838063
84 51 0.008940899299846768
84 52 0.009265852517008746
84 53 0.009225036537159323
84 54 0.0033621131085818153
84 55 0.0011675411444934778
84 56 0.0050803596984357585
84 57 0.02236652419986646
84 58 0.01026135234701751
84 59 0.03195939334978485
84 60 0.008748368081545112
84 61 0.025458477775808473
84 62 0.012290748026910627
84 63 0.0019548674072559836
84 64 0.0011561446713462137
84 65 0.005060893763194691
84 66 0.006343732152066424
84 67 0.00641294205534126
84 68 0.007894956653946818
84 69 0.006260227967363294
84 70 0.004967524170344471
84 71 5.957852339658926E-4
84 72 0.010387497319223856
84 73 0.0058782420790508575
84 74 0.020621157061452507
84 75 0.004834284056347484
84 76 0.023964653340494493
84 77 0.00744071846902066
84 78 0.017101170952096904
84 79 0.009549394820448644
84 80 0.0013245082525184056
84 81 0.0018527005354938126
84 82 0.009330549397886021
84 83 0.008121660590068573
84 84 0.009713317498392169
84 85 0.011003196390898433
84 86 0.008530231076080922
84 87 0.00814766683755175
84 88 0.002548043982478151
84 89 4.691349185856459E-4
84 90 0.009823351845547376
84 91 0.01657956612380373
84 92 0.006039982314881752
84 93 0.022958190516893483
84 94 0.008486680153583002
84 95 0.02137154885396499
84 96 0.009181065526630753
84 97 0.01792731253532538
84 98 0.0062595614135556536
84 99 9.985695749405595E-4
84 100 0.001822432865356239
84 101 0.004256583564918815
84 102 0.004791830423902841
84 103 0.005078821340130671
84 104 0.007257165647820606
84 105 0.007123156805692825
84 106 0.006264280841855686
84 107 0.004491015772899987
84 108 0.0024660347854234543
84 109 3.914352320327708E-4
84 110 0.0032840139253465612
84 111 0.005250098790365038
84 112 0.009922549595989741
84 113 0.009130485543524039
84 114 0.014547079214890598
84 115 0.014442477267944821
84 116 0.015806945327483102
84 117 0.013507484704825625
84 118 0.011318601207540505
84 119 0.0056181125725836304
84 120 6.744819437306781E-4
90 0 0.322795315014839
90 1 3.8899285566203605E-16
90 2 0.36356434570365315
90 3 0.05363630864766163
90 4 3.3950207496047897E-16
90 5 1.3504449343647843E-16
90 6 0.08101773399728907
90 7 0.08479291895929308
90 8 0.04021424419254454
90 9 1.1010782178051537E-16
90 10 3.241540141074152E-16
90 11 1.4251530011719786E-16
90 12 0.08787416680081532
90 13 0.011799087592527641
90 14 0.09275033261934844
90 15 0.015076479470790572
90 16 3.7909468297890356E-16
90 17 3.960582730727423E-16
90 18 2.8333033773644E-16
90 19 6.319536963313493E-17
90 20 0.04565980090426966
90 21 0.056574226180334614
90 22 0.058427463136458135
90 23 0.04187239439460267
90 24 0.009368025724725483
90 25 1.1050832151731108E-15
90 26 4.273387802064212E-16
90 27 1.6281742179897848E-16
90 28 1.98104382833129E-16
90 29 7.352592866186017E-17
90 30 0.017961074509551426
90 31 0.02470023437651787
90 32 0.027983368757942655
90 33 0.032355585433306834
90 34 0.030828801281296718
90 35 0.005415432417581779
90 36 1.8937537178902457E-15
90 37 1.0462513205221848E-15
90 38 4.1618791638802294E-16
90 39 4.2288265354198605E-16
90 40 3.1810840848508073E-16
90 41 6.143641345023113E-17
90 42 0.024864219735738432
90 43 0.02958704375926363
90 44 0.04323417925146409
90 45 0.017626267521440666
90 46 0.03326148487072674
90 47 0.020919163159244383
90 48 0.0027355679176235682
90 49 2.6823255850305983E-15
90 50 2.2640737790945035E-15
90 51 1.313793874233526E-15
90 52 1.642162749944894E-15
90 53 8.809908512638028E-16
90 54 4.284775875837498E-16
90 55 2.1699075233975713E-17
90 56 0.007997775612005108
90 57 0.025196906260991792
90 58 0.003122566691772249
90 59 0.03531517232222295
90 60 0.0032365578943746834
90 61 0.02771990323244122
90 62 0.011455870435147295
90 63 0.0022182463258786397
90 64 1.8724380057654306E-15
90 65 3.846844133830193E-15
90 66 3.546999883986889E-15
90 67 6.830015873543702E-15
90 68 2.820526207529001E-15
90 69 2.023655426458588E-15
90 70 2.276294937041302E-16
90 71 3.0864005500122E-17
90 72 0.011036358494767083
90 73 0.007734235819873906
90 74 0.021701824936072558
90 75 0.0020686544077979283
90 76 0.024329029399018213
90 77 0.0053009593952220305
90 78 0.01771493394390898
90 79 0.010949568162915983
90 80 0.0011918338716199895
90 81 3.550679207981271E-14
90 82 1.1294283304771852E-14
90 83 2.251386162362828E-14
90 84 2.288625780671857E-14
90 85 1.0546513297083128E-14
90 86 8.038921373515323E-15
90 87 1.820770496017817E-15
90 88 5.355934000948278E-16
90 89 4.351729886041191E-17
90 90 0.013509625766207635
90 91 0.019740726217030786
90 92 0.006369833208988376
90 93 0.02691121312906288
90 94 0.009179444705131462
90 95 0.024733358499117414
90 96 0.011712998892656342
90 97 0.020753105982741365
90 98 0.006050519936534419
90 99 0.001201795708057588
90 100 1.847524004982177E-13
90 101 6.155729806908562E-14
90 102 9.727648414523443E-14
90 103 6.957670379943512E-14
90 104 3.928073516109788E-14
90 105 2.639052601691899E-14
90 106 1.0029718055734392E-14
90 107 5.190123616286794E-15
90 108 7.376865630982541E-16
90 109 4.8107575380762623E-17
90 110 0.002044278923062496
90 111 0.006051519594363633
90 112 0.0061256162438790875
90 113 0.008581493439964028
90 114 0.011614032003206575
90 115 0.014778493619182804
90 116 0.01688842167710474
90 117 0.01579656317931736
90 118 0.012314071263795447
90 119 0.006800161839507089
90 120 5.417667375898247E-4
